0	295256
1	823528
2	964324
3	176010
4	979488
5	420370
6	365140
7	933743
8	352019
9	312724
10	872097
11	590521
12	260167
13	964342
14	684911
15	474560
16	405190
17	590497
18	210205
19	489738
20	244881
21	704033
22	719581
23	840718
24	810381
25	719579
26	520379
27	810373
28	225785
29	625413
30	704015
31	191353
32	405219
33	949139
34	225789
35	964307
36	352036
37	994395
38	420392
39	719555
40	780732
41	489814
42	872168
43	528887
44	994341
45	281691
46	225669
47	122386
48	730342
49	528879
50	590575
51	140884
52	949187
53	792840
54	792838
55	528863
56	191265
57	504892
58	382710
59	191269
60	979533
61	903003
62	669641
63	625472
64	436005
65	528845
66	365088
67	704182
68	122573
69	719478
70	104973
71	451353
72	122570
73	156236
74	474451
75	451347
76	885610
77	669479
78	903089
79	810303
80	979592
81	745685
82	312631
83	793029
84	520241
85	210346
86	382523
87	156266
88	780638
89	823375
90	334692
91	295397
92	312612
93	244790
94	563342
95	528646
96	528644
97	719411
98	105032
99	474398
100	365202
101	264209
102	489946
103	156168
104	580653
105	810367
106	704233
107	141027
108	933771
109	334640
110	684945
111	903104
112	382581
113	141029
114	840898
115	312690
116	175976
117	642835
118	420587
119	281829
120	436141
121	436140
122	295341
123	949075
124	590400
125	964118
126	334541
127	684652
128	581093
129	312463
130	351744
131	474322
132	590774
133	105349
134	854894
135	156615
136	545919
137	780535
138	105352
139	281897
140	872349
141	792666
142	854876
143	684617
144	451233
145	420642
146	435821
147	669318
148	175797
149	105400
150	608074
151	854866
152	823758
153	264688
154	669335
155	933448
156	719827
157	365427
158	245158
159	191003
160	581031
161	625248
162	590824
163	979810
164	823726
165	420692
166	765048
167	964520
168	156551
169	823710
170	334507
171	156604
172	669389
173	730570
174	156605
175	669388
176	765002
177	312548
178	545801
179	780419
180	625230
181	365351
182	122686
183	420720
184	210028
185	245225
186	730586
187	979783
188	451319
189	704350
190	474289
191	885390
192	765013
193	225446
194	545817
195	704340
196	669221
197	625323
198	365504
199	105238
200	245022
201	175620
202	334431
203	122820
204	810031
205	792784
206	365543
207	489646
208	528385
209	885340
210	745929
211	312361
212	979858
213	175673
214	175652
215	105263
216	625305
217	841098
218	365565
219	669215
220	684767
221	933570
222	382787
223	260498
224	719652
225	590703
226	528484
227	191108
228	334356
229	854951
230	156426
231	105281
232	625396
233	405268
234	730490
235	730436
236	933532
237	948831
238	175739
239	312430
240	792733
241	474147
242	872258
243	351985
244	590680
245	745874
246	719637
247	435890
248	625361
249	625362
250	405299
251	282111
252	885263
253	719644
254	607313
255	781279
256	140335
257	529296
258	351536
259	703504
260	121966
261	607325
262	963793
263	435554
264	581319
265	190845
266	669112
267	703545
268	684401
269	282132
270	404698
271	475098
272	121934
273	121935
274	475097
275	175492
276	607330
277	505412
278	624934
279	669102
280	841272
281	589998
282	404687
283	313336
284	175598
285	121891
286	190763
287	854022
288	419963
289	382193
290	563777
291	245489
292	419944
293	245492
294	529356
295	810982
296	505374
297	155804
298	226203
299	948725
300	226200
301	245466
302	841337
303	885174
304	841334
305	703587
306	451017
307	684322
308	190737
309	260838
310	155747
311	823873
312	420029
313	995013
314	668954
315	264829
316	948480
317	546768
318	810760
319	810761
320	104505
321	589835
322	190965
323	404591
324	871446
325	474980
326	607427
327	703627
328	245307
329	140478
330	260805
331	730677
332	364756
333	589884
334	122048
335	684538
336	529207
337	175368
338	810794
339	190930
340	419978
341	933360
342	684522
343	435648
344	245272
345	546786
346	295880
347	684437
348	382067
349	765911
350	823814
351	902592
352	642327
353	505526
354	793491
355	529227
356	140532
357	581134
358	669007
359	313195
360	607360
361	948561
362	334102
363	474909
364	871528
365	264735
366	295837
367	490446
368	334080
369	175440
370	295817
371	823871
372	902649
373	245343
374	546727
375	382377
376	642243
377	156155
378	140605
379	546368
380	175295
381	190588
382	226038
383	505708
384	995164
385	731011
386	265184
387	529034
388	642256
389	590224
390	404978
391	884938
392	474866
393	884940
394	964043
395	563998
396	932942
397	260963
398	668843
399	260954
400	122198
401	607591
402	420107
403	995199
404	995198
405	607596
406	175240
407	282397
408	265177
409	190528
410	175233
411	884960
412	564025
413	684148
414	260921
415	225968
416	104959
417	731079
418	529101
419	581518
420	156082
421	854289
422	521199
423	581522
424	731098
425	590293
426	334011
427	642195
428	382453
429	703826
430	810694
431	995121
432	364815
433	841595
434	841598
435	810739
436	841584
437	313027
438	564078
439	521170
440	841582
441	382420
442	902245
443	902242
444	122123
445	190707
446	933083
447	854487
448	265057
449	668679
450	156024
451	780878
452	933075
453	225916
454	156031
455	122359
456	902272
457	730901
458	351409
459	719191
460	225890
461	841602
462	995274
463	746462
464	210607
465	780892
466	564116
467	104738
468	505807
469	703906
470	282511
471	225884
472	719210
473	607714
474	546531
475	581473
476	365006
477	590139
478	333906
479	155972
480	435422
481	210573
482	933089
483	642166
484	793320
485	546545
486	854422
487	264992
488	963865
489	719105
490	854428
491	225854
492	490212
493	505785
494	979406
495	490232
496	382321
497	245607
498	780824
499	995200
500	104802
501	122271
502	765664
503	175196
504	261023
505	624865
506	260995
507	979437
508	190597
509	841696
510	854439
511	225794
512	104781
513	684210
514	854432
515	684223
516	104768
517	404124
518	720564
519	886694
520	175048
521	564338
522	381635
523	243927
524	139865
525	668653
526	855552
527	685842
528	366128
529	243937
530	901965
531	157362
532	963216
533	157368
534	980562
535	434982
536	335790
537	296275
538	521375
539	729275
540	963302
541	809389
542	824556
543	839729
544	579811
545	993394
546	265423
547	824572
548	579800
549	521401
550	932682
551	685906
552	192353
553	404216
554	265464
555	642005
556	871048
557	139817
558	521386
559	980511
560	793936
561	175031
562	932700
563	490796
564	280615
565	963290
566	366177
567	685889
568	335854
569	521380
570	503956
571	381529
572	421586
573	980705
574	490964
575	139979
576	311643
577	157196
578	226571
579	545212
580	366225
581	886565
582	980718
583	174916
584	685995
585	993458
586	641830
587	902129
588	280768
589	781594
590	685980
591	963089
592	280815
593	351210
594	668493
595	729156
596	521325
597	521322
598	764355
599	311649
600	105988
601	993506
602	435166
603	504024
604	335702
605	226630
606	490908
607	963188
608	192472
609	729121
610	421513
611	729124
612	626580
613	686045
614	579670
615	886597
616	121580
617	686033
618	490943
619	421561
620	794072
621	902043
622	335722
623	870939
624	529669
625	824401
626	351140
627	703108
628	591368
629	192498
630	729095
631	311591
632	366339
633	157585
634	607019
635	140116
636	641708
637	504067
638	668397
639	121610
640	226436
641	366352
642	121609
643	980845
644	473241
645	591859
646	949988
647	106491
648	949983
649	366375
650	421734
651	606980
652	226489
653	763985
654	192039
655	809155
656	452349
657	140137
658	421747
659	871368
660	350726
661	452233
662	521615
663	296006
664	871346
665	963579
666	366401
667	963574
668	839994
669	703272
670	901689
671	720884
672	544890
673	855909
674	871340
675	381855
676	793705
677	544840
678	452269
679	580041
680	335584
681	244153
682	901657
683	626206
684	106414
685	949899
686	763926
687	729498
688	626199
689	980740
690	580054
691	641746
692	781354
693	490691
694	626404
695	504207
696	764129
697	529527
698	366490
699	901864
700	281051
701	668285
702	993711
703	809061
704	729459
705	626369
706	296110
707	607109
708	793750
709	261559
710	607112
711	335397
712	174702
713	381822
714	350962
715	350963
716	261543
717	404282
718	840132
719	901829
720	781328
721	564696
722	809019
723	729385
724	591649
725	856054
726	607215
727	350855
728	793835
729	626359
730	781439
731	720762
732	335444
733	226373
734	781429
735	729346
736	840080
737	404334
738	720706
739	421801
740	746949
741	504304
742	157550
743	932557
744	901767
745	244004
746	764054
747	685334
748	626014
749	491386
750	191777
751	886145
752	504368
753	156843
754	350564
755	434476
756	434477
757	794386
758	809937
759	365603
760	312299
761	156860
762	870626
763	962729
764	281178
765	794411
766	474007
767	809969
768	281161
769	747048
770	564833
771	261661
772	825022
773	156825
774	840198
775	105641
776	420913
777	979971
778	504435
779	840200
780	335358
781	191856
782	979985
783	729742
784	281129
785	870559
786	227271
787	261701
788	491294
789	156864
790	403674
791	174464
792	794477
793	491285
794	120901
795	139277
796	120925
797	227283
798	381060
799	591022
800	381063
801	685415
802	227281
803	296781
804	156892
805	886030
806	870476
807	261803
808	261800
809	870472
810	139498
811	855178
812	794499
813	764883
814	809793
815	350705
816	296887
817	764874
818	403493
819	980176
820	365739
821	870485
822	980185
823	980186
824	120964
825	809838
826	120962
827	261761
828	421084
829	434591
830	580152
831	521818
832	350675
833	719922
834	521823
835	702703
836	156697
837	702699
838	504452
839	365707
840	174425
841	261776
842	530281
843	626159
844	932286
845	626153
846	782116
847	491446
848	932289
849	244269
850	504562
851	191980
852	855233
853	782166
854	191971
855	174374
856	105523
857	886105
858	261882
859	580162
860	265832
861	667906
862	764804
863	261875
864	121087
865	296931
866	994019
867	139404
868	545790
869	580220
870	139399
871	824959
872	350602
873	962673
874	121047
875	365774
876	824951
877	421001
878	244245
879	870451
880	350594
881	870450
882	335173
883	281444
884	139635
885	580492
886	855327
887	473762
888	730058
889	781963
890	825244
891	451839
892	226978
893	730064
894	473784
895	885894
896	451832
897	365875
898	105962
899	794120
900	157102
901	962947
902	747294
903	545300
904	702821
905	885940
906	191511
907	855350
908	350273
909	840566
910	794171
911	312021
912	504606
913	545341
914	885935
915	962983
916	473747
917	855343
918	473749
919	244685
920	667776
921	350243
922	702725
923	885976
924	667784
925	641218
926	885980
927	530049
928	522147
929	720332
930	855364
931	209441
932	870788
933	963011
934	522164
935	747359
936	227053
937	747364
938	522126
939	473804
940	434252
941	522121
942	261980
943	931952
944	335055
945	730026
946	580604
947	840486
948	121161
949	451739
950	885988
951	381338
952	794218
953	747407
954	949329
955	625857
956	139769
957	794256
958	591182
959	606602
960	901325
961	473649
962	434354
963	794252
964	667735
965	244578
966	931982
967	565215
968	994188
969	191647
970	209627
971	932018
972	105810
973	121246
974	139732
975	949372
976	855479
977	932026
978	825141
979	174163
980	980452
981	949344
982	105806
983	139717
984	794273
985	932011
986	685235
987	381264
988	980370
989	522020
990	625795
991	451617
992	565133
993	580429
994	529928
995	565129
996	334949
997	311871
998	421296
999	606672
1000	491189
1001	266106
1002	421303
1003	266100
1004	403836
1005	685270
1006	139674
1007	729897
1008	932088
1009	764600
1010	641147
1011	949290
1012	491166
1013	350356
1014	932079
1015	747505
1016	720246
1017	473690
1018	121292
1019	687076
1020	212368
1021	262213
1022	763304
1023	173854
1024	367310
1025	825471
1026	791037
1027	384534
1028	522258
1029	212367
1030	384550
1031	350114
1032	623493
1033	592384
1034	438243
1035	671496
1036	472441
1037	610014
1038	561306
1039	671509
1040	438265
1041	102955
1042	702097
1043	992451
1044	946949
1045	931780
1046	522288
1047	640852
1048	640851
1049	297469
1050	314695
1051	981755
1052	120475
1053	332551
1054	561385
1055	981746
1056	384584
1057	981750
1058	732266
1059	548259
1060	966197
1061	314709
1062	367251
1063	418526
1064	212430
1065	609971
1066	905194
1067	578573
1068	623566
1069	887572
1070	227644
1071	778523
1072	506944
1073	561188
1074	453519
1075	981567
1076	279552
1077	578792
1078	142860
1079	522384
1080	384670
1081	279579
1082	548210
1083	242826
1084	947117
1085	142853
1086	403165
1087	403167
1088	506976
1089	808345
1090	120436
1091	506982
1092	120434
1093	747597
1094	189297
1095	548176
1096	717530
1097	472570
1098	747605
1099	640987
1100	931632
1101	522439
1102	981616
1103	472450
1104	403080
1105	142928
1106	350016
1107	623467
1108	548137
1109	384708
1110	947199
1111	852522
1112	418384
1113	931625
1114	825504
1115	870105
1116	189240
1117	870106
1118	747526
1119	842838
1120	905046
1121	103164
1122	981599
1123	992263
1124	623447
1125	808393
1126	992258
1127	778649
1128	297269
1129	778645
1130	905030
1131	947150
1132	453630
1133	623453
1134	103176
1135	702394
1136	825713
1137	367559
1138	778339
1139	418700
1140	825717
1141	418696
1142	981941
1143	623270
1144	966518
1145	173595
1146	437954
1147	103214
1148	403321
1149	592663
1150	561552
1151	825679
1152	120802
1153	623244
1154	143287
1155	158579
1156	671234
1157	807961
1158	778313
1159	623239
1160	732533
1161	189056
1162	403225
1163	437918
1164	966446
1165	548019
1166	262406
1167	904944
1168	189075
1169	904949
1170	747949
1171	982003
1172	763112
1173	623320
1174	258469
1175	732501
1176	472122
1177	472121
1178	297136
1179	778269
1180	981953
1181	437936
1182	143339
1183	472116
1184	870220
1185	367551
1186	487663
1187	280045
1188	120755
1189	280041
1190	640519
1191	870317
1192	592821
1193	472274
1194	843050
1195	262617
1196	623162
1197	188994
1198	158686
1199	120659
1200	258398
1201	762924
1202	732590
1203	808114
1204	717796
1205	732576
1206	243094
1207	547950
1208	173743
1209	212011
1210	843022
1211	487479
1212	120673
1213	349754
1214	825795
1215	507259
1216	790596
1217	212006
1218	120681
1219	686672
1220	592793
1221	870297
1222	314540
1223	931362
1224	686648
1225	212041
1226	158606
1227	349790
1228	931368
1229	992559
1230	173789
1231	717743
1232	966588
1233	808179
1234	349765
1235	120608
1236	173800
1237	385009
1238	870341
1239	530651
1240	103409
1241	717711
1242	610052
1243	778369
1244	852756
1245	748229
1246	258807
1247	579146
1248	102460
1249	579141
1250	366825
1251	763789
1252	522789
1253	452901
1254	561795
1255	157794
1256	522815
1257	297973
1258	488381
1259	791494
1260	609501
1261	825933
1262	315192
1263	472947
1264	763801
1265	349571
1266	869426
1267	640366
1268	993017
1269	173339
1270	188894
1271	852221
1272	262741
1273	904610
1274	640381
1275	887143
1276	623039
1277	548852
1278	946467
1279	748282
1280	280216
1281	548850
1282	437717
1283	965663
1284	402477
1285	402474
1286	561871
1287	791444
1288	297894
1289	384110
1290	640260
1291	228154
1292	946513
1293	869444
1294	366773
1295	852102
1296	280311
1297	262718
1298	779040
1299	522824
1300	522825
1301	173395
1302	686498
1303	904696
1304	791486
1305	522841
1306	437661
1307	852128
1308	671097
1309	791390
1310	473060
1311	732815
1312	384168
1313	732808
1314	119926
1315	826069
1316	732804
1317	671108
1318	402674
1319	671131
1320	453043
1321	686430
1322	280115
1323	157926
1324	228323
1325	366709
1326	640481
1327	887288
1328	402630
1329	992894
1330	852082
1331	852080
1332	262851
1333	366663
1334	212747
1335	280085
1336	157888
1337	173441
1338	992877
1339	826084
1340	931180
1341	488218
1342	592063
1343	315368
1344	507427
1345	384234
1346	522980
1347	531396
1348	826001
1349	212850
1350	716934
1351	763738
1352	228266
1353	548628
1354	507450
1355	523003
1356	671186
1357	592090
1358	228248
1359	748079
1360	531428
1361	157850
1362	142421
1363	384196
1364	965821
1365	992824
1366	640424
1367	579250
1368	992801
1369	671224
1370	531445
1371	622960
1372	748093
1373	981102
1374	992809
1375	686387
1376	102603
1377	622747
1378	173092
1379	993224
1380	314943
1381	227951
1382	280483
1383	102706
1384	472677
1385	622778
1386	402779
1387	592189
1388	367064
1389	993249
1390	548588
1391	367048
1392	452613
1393	314993
1394	993152
1395	763587
1396	843732
1397	592200
1398	609673
1399	717056
1400	562124
1401	280530
1402	120206
1403	640057
1404	102725
1405	791215
1406	622834
1407	579380
1408	548532
1409	946273
1410	778790
1411	488140
1412	904444
1413	188574
1414	188568
1415	297615
1416	531045
1417	332026
1418	579543
1419	701724
1420	778966
1421	212517
1422	670869
1423	904217
1424	763407
1425	826333
1426	452775
1427	487983
1428	763392
1429	778947
1430	640206
1431	640241
1432	561974
1433	717308
1434	102794
1435	402905
1436	670897
1437	297553
1438	609661
1439	852326
1440	228034
1441	808608
1442	852344
1443	418051
1444	297550
1445	993143
1446	622630
1447	384397
1448	102805
1449	826356
1450	561962
1451	280321
1452	670940
1453	886917
1454	791041
1455	331959
1456	212576
1457	488033
1458	366891
1459	315106
1460	402863
1461	523242
1462	869841
1463	981348
1464	592372
1465	686142
1466	437268
1467	748344
1468	452816
1469	778942
1470	946403
1471	763517
1472	331925
1473	640184
1474	349263
1475	212575
1476	366853
1477	243665
1478	488013
1479	297479
1480	227991
1481	826295
1482	241756
1483	119443
1484	948082
1485	401924
1486	841977
1487	259220
1488	748710
1489	298398
1490	547253
1491	748731
1492	868975
1493	779572
1494	762357
1495	608958
1496	593534
1497	807266
1498	624639
1499	523354
1500	259263
1501	841950
1502	437157
1503	991388
1504	982744
1505	930714
1506	241783
1507	241782
1508	172914
1509	639763
1510	807246
1511	841932
1512	211436
1513	748693
1514	748694
1515	701139
1516	868933
1517	419461
1518	930814
1519	349061
1520	278663
1521	298462
1522	368344
1523	624561
1524	119488
1525	383509
1526	562363
1527	142014
1528	523296
1529	172863
1530	930773
1531	779598
1532	670472
1533	313647
1534	718401
1535	841879
1536	868876
1537	731161
1538	670494
1539	807176
1540	119525
1541	259310
1542	119521
1543	506100
1544	437244
1545	841856
1546	488889
1547	904051
1548	454607
1549	211280
1550	368136
1551	454598
1552	190238
1553	349005
1554	748585
1555	608829
1556	298270
1557	639883
1558	991260
1559	419435
1560	298277
1561	523499
1562	807377
1563	104178
1564	211325
1565	263341
1566	807386
1567	701006
1568	562269
1569	841797
1570	159394
1571	593627
1572	523511
1573	841800
1574	333757
1575	471473
1576	982598
1577	853621
1578	762147
1579	841782
1580	437064
1581	531873
1582	159452
1583	869053
1584	471494
1585	505926
1586	368212
1587	104079
1588	159424
1589	762167
1590	419351
1591	608884
1592	869036
1593	241804
1594	488725
1595	104066
1596	841747
1597	368229
1598	437103
1599	687939
1600	762116
1601	278564
1602	523437
1603	505965
1604	211234
1605	141860
1606	608862
1607	562202
1608	718545
1609	263412
1610	888782
1611	853581
1612	141869
1613	298365
1614	718553
1615	791887
1616	888367
1617	965413
1618	211147
1619	298128
1620	853925
1621	930479
1622	119693
1623	577850
1624	383816
1625	228375
1626	577839
1627	368518
1628	104289
1629	609168
1630	701404
1631	731479
1632	562655
1633	506303
1634	383860
1635	172644
1636	383863
1637	436899
1638	242045
1639	639491
1640	546946
1641	577793
1642	718594
1643	670274
1644	259506
1645	333404
1646	562613
1647	947747
1648	531509
1649	609266
1650	278940
1651	731441
1652	791781
1653	609253
1654	869176
1655	903863
1656	471117
1657	278917
1658	749031
1659	172590
1660	298235
1661	454197
1662	241963
1663	523573
1664	842115
1665	436990
1666	241952
1667	436987
1668	731414
1669	687826
1670	888386
1671	523582
1672	547019
1673	826710
1674	104251
1675	826790
1676	298000
1677	228493
1678	119552
1679	609075
1680	965541
1681	701311
1682	903793
1683	159632
1684	718762
1685	965555
1686	903806
1687	731627
1688	298038
1689	419704
1690	869312
1691	383991
1692	228527
1693	577943
1694	853774
1695	761946
1696	402359
1697	419688
1698	471215
1699	888467
1700	670402
1701	593869
1702	159671
1703	577928
1704	190011
1705	471206
1706	869336
1707	687628
1708	263634
1709	190020
1710	488477
1711	210951
1712	142092
1713	242057
1714	947877
1715	142103
1716	982845
1717	888567
1718	471242
1719	826867
1720	639719
1721	624166
1722	119638
1723	826874
1724	670380
1725	333513
1726	210973
1727	826877
1728	172699
1729	488505
1730	982796
1731	593819
1732	402422
1733	333564
1734	791627
1735	531592
1736	807061
1737	402403
1738	687503
1739	211965
1740	687491
1741	842443
1742	578066
1743	792456
1744	982210
1745	687511
1746	333108
1747	118958
1748	103535
1749	731733
1750	489470
1751	172386
1752	578081
1753	348615
1754	888108
1755	991905
1756	762875
1757	593008
1758	717879
1759	103503
1760	103496
1761	119026
1762	506599
1763	578117
1764	903579
1765	263789
1766	141502
1767	964695
1768	259832
1769	489391
1770	103480
1771	669958
1772	141492
1773	242225
1774	532233
1775	792521
1776	532240
1777	687568
1778	172323
1779	118995
1780	471875
1781	807739
1782	868412
1783	903615
1784	639337
1785	506569
1786	333147
1787	418961
1788	947491
1789	762808
1790	888173
1791	229193
1792	453915
1793	333137
1794	562877
1795	229187
1796	947501
1797	523803
1798	964717
1799	314339
1800	947674
1801	259647
1802	383210
1803	333224
1804	103659
1805	827013
1806	792327
1807	532445
1808	562771
1809	141421
1810	489292
1811	670188
1812	608292
1813	348489
1814	792382
1815	454080
1816	263826
1817	578239
1818	242377
1819	436502
1820	731780
1821	263909
1822	827088
1823	172469
1824	718020
1825	888282
1826	418850
1827	263915
1828	578241
1829	991824
1830	242343
1831	118895
1832	401609
1833	608363
1834	930168
1835	930171
1836	506442
1837	593068
1838	211728
1839	259675
1840	903462
1841	762674
1842	842280
1843	807850
1844	103782
1845	524147
1846	853388
1847	992128
1848	298686
1849	524148
1850	853385
1851	842691
1852	172132
1853	578333
1854	313954
1855	141808
1856	563150
1857	368034
1858	669822
1859	228876
1860	964909
1861	368020
1862	471581
1863	228888
1864	383309
1865	964918
1866	992180
1867	263950
1868	259996
1869	982515
1870	903417
1871	547499
1872	279490
1873	471561
1874	792241
1875	263937
1876	687267
1877	332803
1878	700824
1879	264062
1880	531990
1881	807439
1882	436470
1883	506876
1884	211622
1885	608728
1886	313908
1887	578395
1888	159077
1889	687318
1890	471672
1891	762508
1892	489123
1893	436452
1894	279456
1895	172084
1896	807469
1897	368095
1898	471634
1899	419226
1900	119240
1901	313878
1902	242462
1903	608739
1904	260056
1905	992243
1906	992255
1907	189652
1908	842672
1909	903349
1910	524041
1911	419193
1912	827275
1913	578448
1914	700763
1915	762439
1916	506659
1917	279403
1918	242687
1919	524262
1920	367892
1921	172225
1922	259846
1923	436248
1924	103881
1925	419160
1926	853292
1927	827305
1928	842604
1929	687163
1930	401809
1931	298496
1932	471688
1933	453838
1934	700768
1935	929851
1936	827316
1937	453832
1938	172253
1939	947447
1940	842618
1941	401796
1942	189539
1943	578524
1944	242605
1945	211500
1946	853326
1947	348223
1948	992067
1949	103847
1950	639179
1951	965084
1952	669835
1953	982288
1954	259961
1955	762423
1956	749424
1957	436316
1958	159173
1959	903210
1960	436304
1961	211477
1962	259924
1963	687207
1964	367940
1965	532137
1966	347694
1967	241080
1968	612173
1969	665222
1970	960475
1971	221431
1972	858961
1973	646869
1974	836874
1975	975620
1976	378808
1977	485428
1978	612196
1979	378765
1980	268745
1981	439887
1982	299100
1983	330456
1984	221391
1985	889574
1986	836899
1987	819683
1988	876448
1989	769103
1990	101365
1991	889501
1992	788506
1993	524493
1994	629320
1995	347746
1996	646793
1997	858902
1998	330404
1999	501034
2000	576905
2001	470199
2002	836942
2003	118562
2004	221357
2005	455415
2006	221355
2007	944840
2008	361267
2009	559451
2010	179941
2011	316656
2012	256286
2013	268683
2014	806137
2015	788537
2016	769125
2017	858931
2018	160656
2019	576939
2020	594929
2021	836975
2022	612148
2023	378846
2024	594935
2025	700287
2026	409492
2027	524543
2028	409498
2029	629371
2030	998703
2031	944670
2032	769156
2033	330338
2034	929496
2035	998877
2036	240951
2037	876315
2038	206013
2039	299244
2040	118770
2041	576862
2042	559518
2043	361459
2044	118762
2045	240941
2046	788685
2047	268610
2048	680679
2049	470091
2050	378626
2051	805946
2052	286092
2053	576890
2054	859106
2055	541948
2056	576880
2057	268637
2058	629450
2059	221234
2060	788626
2061	541827
2062	524376
2063	960270
2064	439996
2065	409392
2066	268604
2067	784412
2068	160555
2069	424946
2070	378748
2071	975815
2072	241000
2073	439947
2074	470025
2075	485576
2076	749987
2077	470021
2078	409347
2079	361352
2080	665193
2081	256409
2082	240965
2083	330260
2084	594815
2085	559604
2086	179784
2087	424914
2088	612277
2089	101189
2090	268539
2091	665502
2092	485684
2093	330745
2094	378552
2095	769296
2096	960200
2097	316842
2098	715471
2099	680778
2100	819423
2101	316833
2102	819410
2103	542031
2104	559116
2105	836630
2106	361053
2107	516244
2108	769343
2109	665526
2110	240793
2111	594596
2112	160473
2113	500809
2114	180116
2115	101016
2116	180112
2117	500790
2118	256046
2119	440113
2120	500788
2121	876238
2122	998421
2123	256061
2124	118328
2125	715398
2126	195382
2127	101056
2128	769405
2129	221580
2130	680762
2131	195343
2132	819370
2133	594676
2134	378577
2135	784821
2136	118280
2137	749620
2138	945131
2139	594680
2140	836705
2141	734448
2142	715434
2143	360970
2144	440064
2145	500736
2146	195345
2147	360965
2148	715431
2149	734435
2150	715428
2151	629663
2152	749778
2153	542175
2154	907139
2155	612058
2156	524573
2157	409206
2158	998594
2159	929731
2160	665351
2161	206261
2162	929755
2163	998620
2164	960085
2165	221562
2166	100916
2167	516129
2168	206266
2169	629695
2170	424597
2171	240649
2172	316702
2173	268380
2174	206220
2175	907190
2176	195538
2177	788986
2178	715371
2179	576613
2180	330544
2181	470328
2182	485881
2183	788866
2184	500922
2185	889605
2186	998538
2187	424691
2188	715288
2189	285950
2190	975555
2191	769500
2192	470320
2193	836818
2194	118451
2195	180093
2196	485859
2197	700149
2198	907238
2199	316765
2200	378461
2201	221450
2202	145105
2203	612011
2204	559341
2205	769516
2206	960050
2207	485826
2208	629735
2209	975156
2210	944311
2211	944310
2212	735141
2213	594348
2214	875956
2215	317058
2216	664763
2217	858475
2218	317086
2219	975140
2220	735163
2221	439383
2222	241543
2223	906276
2224	286481
2225	194686
2226	424229
2227	628745
2228	664711
2229	194667
2230	559893
2231	118117
2232	975115
2233	100781
2234	628766
2235	439421
2236	454844
2237	286536
2238	241628
2239	286531
2240	577450
2241	542248
2242	144721
2243	144718
2244	715196
2245	286552
2246	317147
2247	975201
2248	679992
2249	889001
2250	194570
2251	100813
2252	699760
2253	769654
2254	837477
2255	100811
2256	317140
2257	858402
2258	735178
2259	628805
2260	928788
2261	378349
2262	485985
2263	750345
2264	256830
2265	906326
2266	735168
2267	317179
2268	194605
2269	256810
2270	100833
2271	837452
2272	944332
2273	715155
2274	256805
2275	679955
2276	820081
2277	611822
2278	858617
2279	286607
2280	454656
2281	888958
2282	286602
2283	611812
2284	118231
2285	875838
2286	769719
2287	715120
2288	221761
2289	944174
2290	424350
2291	680181
2292	470619
2293	329818
2294	144777
2295	194763
2296	424343
2297	837545
2298	269156
2299	470637
2300	118267
2301	286625
2302	594190
2303	160120
2304	470624
2305	408945
2306	206506
2307	594197
2308	680158
2309	975357
2310	784929
2311	329735
2312	789175
2313	516943
2314	769767
2315	439429
2316	424391
2317	888892
2318	317006
2319	221727
2320	501651
2321	179278
2322	577332
2323	769790
2324	594289
2325	144840
2326	194742
2327	577288
2328	206576
2329	454761
2330	542351
2331	439460
2332	329773
2333	680079
2334	524889
2335	944204
2336	858503
2337	299696
2338	906433
2339	299705
2340	928896
2341	439474
2342	100707
2343	837167
2344	889323
2345	789352
2346	299867
2347	559678
2348	959721
2349	806816
2350	806818
2351	594081
2352	559652
2353	486159
2354	944573
2355	360518
2356	439677
2357	611421
2358	486201
2359	360565
2360	734866
2361	889305
2362	837151
2363	858207
2364	206646
2365	929118
2366	875669
2367	179636
2368	999003
2369	486226
2370	875759
2371	542513
2372	144456
2373	959649
2374	594173
2375	317399
2376	750132
2377	929066
2378	486211
2379	194845
2380	542501
2381	194843
2382	347463
2383	998971
2384	525290
2385	525295
2386	117792
2387	629085
2388	286321
2389	577181
2390	179708
2391	360490
2392	516836
2393	299823
2394	159928
2395	629069
2396	714881
2397	577167
2398	195017
2399	975014
2400	439766
2401	195021
2402	159827
2403	525099
2404	889206
2405	664875
2406	858360
2407	577123
2408	300020
2409	470906
2410	424124
2411	734748
2412	714841
2413	347579
2414	906633
2415	241192
2416	347553
2417	241204
2418	889168
2419	664832
2420	664836
2421	256765
2422	408679
2423	347605
2424	455004
2425	629232
2426	470795
2427	241233
2428	347588
2429	408585
2430	299909
2431	329999
2432	525154
2433	594018
2434	470790
2435	819712
2436	317297
2437	439743
2438	999051
2439	424187
2440	194979
2441	455031
2442	664923
2443	559830
2444	501419
2445	117948
2446	646411
2447	222006
2448	525122
2449	241275
2450	559811
2451	646403
2452	577029
2453	750221
2454	769996
2455	959386
2456	928286
2457	959379
2458	928274
2459	300072
2460	117544
2461	222373
2462	664277
2463	595933
2464	859908
2465	331451
2466	257325
2467	161705
2468	222379
2469	595926
2470	257322
2471	408450
2472	611105
2473	835961
2474	595960
2475	204868
2476	630398
2477	102350
2478	408477
2479	517593
2480	820652
2481	456400
2482	645836
2483	997720
2484	875410
2485	645835
2486	117620
2487	161791
2488	699148
2489	284972
2490	820701
2491	540742
2492	835840
2493	945800
2494	664209
2495	117608
2496	905731
2497	240039
2498	331519
2499	789576
2500	438903
2501	645847
2502	560404
2503	144171
2504	500046
2505	905779
2506	789620
2507	716780
2508	805048
2509	377741
2510	525473
2511	486405
2512	315537
2513	486428
2514	331473
2515	362321
2516	560582
2517	789662
2518	875358
2519	890399
2520	486638
2521	820498
2522	500145
2523	560607
2524	890368
2525	699344
2526	196260
2527	560612
2528	785453
2529	751023
2530	785447
2531	630507
2532	630510
2533	161546
2534	860077
2535	205002
2536	161548
2537	486610
2538	959272
2539	117646
2540	300266
2541	785480
2542	178748
2543	117745
2544	789725
2545	196346
2546	425902
2547	117759
2548	196338
2549	486577
2550	630417
2551	456243
2552	875274
2553	239905
2554	575833
2555	997838
2556	611300
2557	222297
2558	438983
2559	945712
2560	789745
2561	500175
2562	408407
2563	575863
2564	560566
2565	315412
2566	664114
2567	733494
2568	630457
2569	976811
2570	959114
2571	540956
2572	610843
2573	859650
2574	959117
2575	835651
2576	486768
2577	946119
2578	499758
2579	269473
2580	835677
2581	331689
2582	377576
2583	959122
2584	959127
2585	976491
2586	997422
2587	575674
2588	768370
2589	716475
2590	976483
2591	789801
2592	222601
2593	222614
2594	789810
2595	664552
2596	362101
2597	346935
2598	698897
2599	610907
2600	595605
2601	331773
2602	102054
2603	959175
2604	646097
2605	346918
2606	300393
2607	205114
2608	425509
2609	269545
2610	408293
2611	716495
2612	698894
2613	698935
2614	179072
2615	768314
2616	789869
2617	946082
2618	300353
2619	560168
2620	257114
2621	805310
2622	517238
2623	362169
2624	906190
2625	196513
2626	525660
2627	976586
2628	733260
2629	560326
2630	997527
2631	222526
2632	681864
2633	222519
2634	997531
2635	425709
2636	284897
2637	959010
2638	284892
2639	486866
2640	768501
2641	890659
2642	179034
2643	144088
2644	315724
2645	890684
2646	117396
2647	439172
2648	997553
2649	377408
2650	284864
2651	906123
2652	525589
2653	575576
2654	716373
2655	425662
2656	347056
2657	820295
2658	408185
2659	284843
2660	179005
2661	976535
2662	300524
2663	959056
2664	699017
2665	315675
2666	959075
2667	575607
2668	630707
2669	196550
2670	976557
2671	456474
2672	681971
2673	890748
2674	595491
2675	499910
2676	347015
2677	257234
2678	425615
2679	859890
2680	361734
2681	927803
2682	698720
2683	330881
2684	805622
2685	716195
2686	976244
2687	257819
2688	361740
2689	178393
2690	576421
2691	927793
2692	976236
2693	945391
2694	425311
2695	561017
2696	836455
2697	161166
2698	890031
2699	958881
2700	595440
2701	257843
2702	500522
2703	786051
2704	751367
2705	469679
2706	346210
2707	751371
2708	560965
2709	101874
2710	805568
2711	377333
2712	469690
2713	500532
2714	836404
2715	469709
2716	734118
2717	663717
2718	425228
2719	734127
2720	117073
2721	786154
2722	751466
2723	716272
2724	316055
2725	143626
2726	663737
2727	681084
2728	195662
2729	768517
2730	645320
2731	805525
2732	998239
2733	469740
2734	821204
2735	486956
2736	425263
2737	836383
2738	836380
2739	595334
2740	408037
2741	645318
2742	117111
2743	500604
2744	117096
2745	821184
2746	222944
2747	469505
2748	525922
2749	425412
2750	976374
2751	270095
2752	716072
2753	663658
2754	455744
2755	874875
2756	976382
2757	905459
2758	874864
2759	734055
2760	407838
2761	645182
2762	945262
2763	958764
2764	425434
2765	751543
2766	821022
2767	101745
2768	905429
2769	487145
2770	790152
2771	645143
2772	790144
2773	645149
2774	143843
2775	315916
2776	836543
2777	733989
2778	786023
2779	285573
2780	517899
2781	874797
2782	768696
2783	425364
2784	161089
2785	117193
2786	346282
2787	561028
2788	805407
2789	270184
2790	836503
2791	958811
2792	889940
2793	768641
2794	101665
2795	315964
2796	905354
2797	205482
2798	836491
2799	790215
2800	300784
2801	178630
2802	997929
2803	836193
2804	438554
2805	681265
2806	300824
2807	526324
2808	377051
2809	820908
2810	285248
2811	890292
2812	361478
2813	610345
2814	751140
2815	733925
2816	257563
2817	240348
2818	300849
2819	595161
2820	975945
2821	836167
2822	733894
2823	205688
2824	205689
2825	541441
2826	456167
2827	517780
2828	205581
2829	438614
2830	178574
2831	733880
2832	143376
2833	438602
2834	195923
2835	270018
2836	407758
2837	790387
2838	257631
2839	928075
2840	751189
2841	361587
2842	205607
2843	958666
2844	820929
2845	438641
2846	270078
2847	715995
2848	790348
2849	178605
2850	805771
2851	361599
2852	958661
2853	425012
2854	425013
2855	681309
2856	560653
2857	681283
2858	905491
2859	663936
2860	161014
2861	300899
2862	377001
2863	101559
2864	790363
2865	269851
2866	143560
2867	222981
2868	769015
2869	681395
2870	630244
2871	630245
2872	595045
2873	928182
2874	407558
2875	223007
2876	116882
2877	976112
2878	222994
2879	905719
2880	890166
2881	160785
2882	786215
2883	240215
2884	487373
2885	715807
2886	240238
2887	595026
2888	143586
2889	517757
2890	223032
2891	768970
2892	698573
2893	438689
2894	874580
2895	733760
2896	998040
2897	595023
2898	768966
2899	407595
2900	196019
2901	240245
2902	178443
2903	376856
2904	361689
2905	541680
2906	500435
2907	645496
2908	786294
2909	698544
2910	663862
2911	998135
2912	698538
2913	733738
2914	905648
2915	178455
2916	285314
2917	715877
2918	205741
2919	178477
2920	998092
2921	790468
2922	316215
2923	645465
2924	469880
2925	928207
2926	517667
2927	178495
2928	560771
2929	269927
2930	526093
2931	976029
2932	316194
2933	874245
2934	942595
2935	407411
2936	596753
2937	782402
2938	736512
2939	839061
2940	752068
2941	116730
2942	821594
2943	526337
2944	767113
2945	682697
2946	782414
2947	682743
2948	614396
2949	782454
2950	644731
2951	874275
2952	713596
2953	208015
2954	318464
2955	857076
2956	942652
2957	345735
2958	682725
2959	782438
2960	839097
2961	574821
2962	422786
2963	468037
2964	328265
2965	457216
2966	266574
2967	345739
2968	422905
2969	147426
2970	223267
2971	162599
2972	839104
2973	962316
2974	147432
2975	736604
2976	345849
2977	856973
2978	284141
2979	284142
2980	345832
2981	266538
2982	752009
2983	977896
2984	467997
2985	503198
2986	193156
2987	713526
2988	318557
2989	422870
2990	786601
2991	574756
2992	238943
2993	614305
2994	821560
2995	682670
2996	422855
2997	736616
2998	682669
2999	422711
3000	908810
3001	407538
3002	786499
3003	803972
3004	962507
3005	786502
3006	874369
3007	874398
3008	193149
3009	301155
3010	457391
3011	328420
3012	543818
3013	908846
3014	996714
3015	557373
3016	804026
3017	782560
3018	301122
3019	596947
3020	441907
3021	682524
3022	627284
3023	543773
3024	856833
3025	457465
3026	116524
3027	223395
3028	441916
3029	821662
3030	254269
3031	116530
3032	193087
3033	468131
3034	942804
3035	318697
3036	328353
3037	804050
3038	786479
3039	856875
3040	804077
3041	682553
3042	927271
3043	239046
3044	543807
3045	283989
3046	441883
3047	503067
3048	328343
3049	422722
3050	116497
3051	162719
3052	614180
3053	407435
3054	804085
3055	751910
3056	644782
3057	380869
3058	207955
3059	786898
3060	162416
3061	874003
3062	208312
3063	574530
3064	254205
3065	891714
3066	786884
3067	927688
3068	891712
3069	996559
3070	193518
3071	751834
3072	909195
3073	751838
3074	596499
3075	736287
3076	891720
3077	891765
3078	977598
3079	667425
3080	751846
3081	874032
3082	962169
3083	116437
3084	380429
3085	266314
3086	238620
3087	667433
3088	526628
3089	208285
3090	177925
3091	468319
3092	318740
3093	557244
3094	177934
3095	442324
3096	422550
3097	667455
3098	193482
3099	422547
3100	162352
3101	786837
3102	856726
3103	457569
3104	821253
3105	574493
3106	614043
3107	518266
3108	698068
3109	328506
3110	977602
3111	942919
3112	574511
3113	767463
3114	767458
3115	162328
3116	838910
3117	927666
3118	557285
3119	328462
3120	407046
3121	557311
3122	346065
3123	977641
3124	468251
3125	526708
3126	736383
3127	874088
3128	713276
3129	177997
3130	574513
3131	891866
3132	526724
3133	422433
3134	927576
3135	977412
3136	380605
3137	557075
3138	574676
3139	266493
3140	193381
3141	977421
3142	596637
3143	407294
3144	682835
3145	782829
3146	193367
3147	116318
3148	146963
3149	223691
3150	751739
3151	736446
3152	208141
3153	422428
3154	208130
3155	962283
3156	544125
3157	363048
3158	502816
3159	962202
3160	627534
3161	697926
3162	483703
3163	697948
3164	318968
3165	116267
3166	363058
3167	544024
3168	736467
3169	526817
3170	613929
3171	682786
3172	253965
3173	483671
3174	909163
3175	891819
3176	468371
3177	328606
3178	682813
3179	328604
3180	442139
3181	697975
3182	909159
3183	468376
3184	327764
3185	116175
3186	713077
3187	737084
3188	116162
3189	503761
3190	284550
3191	503746
3192	284552
3193	362997
3194	908421
3195	177190
3196	177189
3197	596253
3198	284605
3199	713048
3200	162154
3201	596246
3202	644171
3203	422315
3204	177201
3205	737026
3206	856539
3207	977297
3208	767630
3209	666636
3210	752585
3211	327696
3212	890914
3213	380255
3214	406798
3215	223769
3216	526945
3217	737135
3218	441535
3219	380276
3220	908487
3221	362938
3222	787088
3223	441515
3224	752522
3225	997265
3226	856476
3227	456802
3228	666696
3229	822047
3230	737100
3231	822254
3232	613747
3233	239496
3234	223946
3235	519057
3236	997228
3237	873890
3238	456861
3239	503643
3240	362836
3241	345111
3242	319114
3243	977207
3244	380290
3245	767526
3246	682082
3247	626734
3248	239505
3249	362820
3250	116061
3251	822222
3252	961987
3253	441456
3254	544336
3255	483891
3256	526995
3257	891072
3258	468735
3259	239524
3260	441464
3261	407037
3262	301683
3263	177317
3264	962002
3265	752458
3266	254842
3267	503660
3268	822230
3269	345120
3270	456919
3271	319195
3272	192526
3273	239566
3274	503573
3275	596466
3276	362774
3277	503582
3278	682034
3279	997165
3280	997167
3281	254725
3282	301576
3283	908412
3284	666857
3285	319168
3286	626793
3287	456907
3288	752411
3289	613653
3290	783005
3291	319219
3292	697686
3293	856324
3294	468669
3295	177376
3296	527070
3297	804568
3298	177404
3299	162235
3300	681994
3301	713094
3302	223923
3303	327846
3304	503592
3305	422255
3306	483950
3307	239124
3308	379904
3309	961662
3310	821875
3311	518661
3312	557735
3313	977074
3314	927218
3315	192990
3316	752361
3317	666934
3318	736816
3319	345492
3320	468825
3321	254659
3322	767933
3323	752377
3324	821844
3325	518703
3326	362722
3327	575054
3328	736768
3329	644428
3330	575050
3331	666891
3332	961620
3333	441828
3334	891231
3335	873501
3336	767880
3337	736779
3338	239160
3339	666896
3340	927177
3341	575071
3342	345527
3343	557718
3344	557713
3345	783193
3346	557806
3347	239188
3348	873586
3349	115864
3350	177491
3351	804726
3352	284358
3353	345537
3354	503424
3355	345547
3356	666987
3357	468741
3358	821795
3359	422109
3360	484312
3361	379984
3362	345552
3363	908781
3364	379995
3365	266786
3366	518755
3367	362667
3368	177508
3369	362677
3370	406589
3371	457087
3372	908750
3373	544657
3374	839372
3375	518774
3376	977088
3377	736863
3378	362680
3379	891144
3380	527189
3381	891385
3382	146463
3383	345347
3384	162003
3385	804782
3386	503383
3387	254536
3388	345372
3389	783346
3390	177593
3391	682315
3392	644550
3393	873630
3394	626952
3395	596110
3396	961758
3397	177590
3398	345401
3399	927046
3400	362620
3401	575196
3402	596123
3403	421945
3404	328180
3405	557593
3406	468984
3407	787264
3408	177575
3409	613410
3410	208735
3411	613409
3412	856120
3413	468869
3414	484164
3415	208723
3416	457167
3417	239317
3418	682273
3419	942584
3420	856112
3421	627051
3422	961703
3423	380123
3424	468884
3425	518879
3426	406692
3427	891292
3428	319461
3429	380158
3430	752155
3431	926980
3432	345471
3433	319486
3434	908608
3435	697307
3436	643601
3437	892424
3438	787598
3439	207083
3440	943690
3441	467005
3442	267570
3443	423935
3444	995721
3445	907975
3446	267571
3447	735569
3448	379752
3449	194232
3450	146429
3451	440999
3452	961301
3453	207095
3454	146417
3455	802896
3456	406318
3457	908010
3458	440985
3459	643641
3460	766196
3461	766194
3462	458335
3463	573732
3464	267526
3465	329219
3466	364416
3467	873332
3468	194196
3469	783448
3470	176687
3471	714591
3472	907918
3473	558481
3474	194284
3475	573777
3476	643671
3477	317502
3478	255468
3479	441087
3480	267633
3481	467067
3482	379696
3483	978824
3484	467043
3485	458278
3486	519459
3487	302319
3488	115699
3489	892527
3490	527411
3491	406356
3492	873263
3493	838059
3494	783486
3495	194251
3496	558521
3497	206977
3498	597816
3499	787684
3500	907967
3501	302280
3502	467008
3503	858105
3504	838077
3505	224349
3506	926450
3507	194264
3508	317454
3509	364489
3510	558505
3511	329287
3512	978873
3513	628392
3514	558430
3515	666324
3516	267699
3517	837966
3518	857871
3519	329406
3520	206953
3521	115514
3522	697156
3523	803037
3524	643714
3525	176889
3526	542721
3527	379885
3528	837979
3529	176894
3530	527554
3531	329360
3532	683569
3533	892577
3534	406424
3535	527607
3536	766078
3537	926246
3538	146253
3539	484434
3540	379840
3541	527595
3542	302082
3543	423745
3544	995659
3545	765972
3546	628250
3547	802952
3548	628245
3549	364413
3550	542803
3551	752988
3552	597903
3553	344609
3554	344621
3555	458404
3556	458402
3557	146232
3558	146234
3559	282926
3560	267759
3561	364374
3562	224452
3563	440921
3564	597946
3565	176781
3566	329436
3567	224458
3568	206862
3569	597938
3570	597932
3571	542825
3572	237969
3573	364367
3574	628258
3575	714730
3576	597923
3577	926611
3578	995477
3579	787863
3580	822288
3581	995460
3582	943938
3583	735320
3584	766422
3585	787847
3586	787901
3587	224543
3588	908283
3589	329474
3590	613038
3591	302495
3592	484823
3593	329499
3594	255112
3595	995489
3596	697074
3597	837861
3598	857766
3599	666486
3600	224635
3601	501985
3602	163451
3603	441324
3604	613069
3605	643918
3606	613079
3607	872965
3608	597533
3609	787907
3610	752848
3611	735251
3612	176929
3613	926665
3614	696978
3615	163422
3616	666415
3617	302537
3618	787965
3619	543204
3620	237597
3621	467268
3622	995579
3623	787956
3624	628651
3625	527665
3626	666424
3627	978595
3628	803119
3629	163397
3630	872997
3631	978602
3632	423577
3633	344976
3634	696896
3635	237813
3636	696899
3637	573582
3638	302371
3639	527810
3640	115240
3641	783763
3642	146029
3643	908109
3644	573608
3645	115218
3646	146015
3647	177088
3648	501787
3649	467351
3650	696955
3651	735483
3652	194319
3653	873196
3654	783810
3655	163574
3656	115324
3657	803217
3658	519342
3659	458667
3660	344879
3661	302446
3662	783825
3663	558106
3664	484668
3665	735380
3666	908033
3667	100009
3668	696860
3669	612948
3670	282682
3671	803210
3672	519346
3673	803211
3674	644051
3675	612946
3676	766243
3677	115289
3678	837687
3679	317828
3680	458632
3681	978486
3682	344846
3683	406213
3684	644066
3685	302412
3686	787839
3687	163525
3688	344852
3689	302420
3690	873120
3691	423445
3692	944034
3693	238411
3694	379229
3695	683191
3696	467456
3697	978419
3698	302735
3699	423372
3700	597335
3701	363961
3702	255905
3703	502716
3704	612738
3705	302767
3706	268076
3707	643075
3708	838610
3709	485096
3710	925849
3711	783876
3712	766652
3713	317976
3714	753658
3715	423323
3716	328786
3717	115144
3718	519963
3719	943155
3720	255964
3721	379151
3722	207515
3723	423300
3724	317957
3725	519950
3726	838583
3727	978364
3728	766624
3729	328827
3730	960832
3731	344254
3732	318011
3733	627863
3734	283569
3735	328810
3736	519974
3737	457767
3738	960856
3739	502767
3740	328800
3741	440556
3742	379351
3743	440351
3744	788004
3745	238533
3746	238538
3747	784059
3748	405909
3749	379334
3750	627820
3751	943356
3752	193570
3753	683037
3754	238570
3755	960896
3756	787987
3757	163254
3758	467631
3759	207479
3760	627781
3761	423268
3762	683017
3763	823199
3764	823198
3765	558917
3766	803551
3767	193601
3768	803489
3769	193611
3770	925798
3771	484882
3772	643317
3773	696608
3774	714209
3775	784100
3776	803508
3777	961023
3778	665770
3779	255838
3780	558887
3781	683113
3782	207384
3783	467649
3784	302667
3785	643288
3786	696595
3787	207397
3788	302708
3789	328951
3790	597394
3791	543317
3792	363902
3793	788055
3794	696583
3795	502635
3796	597389
3797	423200
3798	892218
3799	892212
3800	255632
3801	907766
3802	573992
3803	838391
3804	926136
3805	612523
3806	363649
3807	458057
3808	574003
3809	872554
3810	458067
3811	784190
3812	458078
3813	225026
3814	696563
3815	978152
3816	318315
3817	753294
3818	784140
3819	872535
3820	114875
3821	502447
3822	318311
3823	907728
3824	405558
3825	960517
3826	207849
3827	857230
3828	283384
3829	696536
3830	713753
3831	943426
3832	960515
3833	628177
3834	543636
3835	467770
3836	892165
3837	784150
3838	176480
3839	766934
3840	467775
3841	485254
3842	467783
3843	440768
3844	344457
3845	194014
3846	558753
3847	665888
3848	162897
3849	643437
3850	267841
3851	926204
3852	176404
3853	628142
3854	857333
3855	543735
3856	458007
3857	978085
3858	612602
3859	713845
3860	978067
3861	255740
3862	838296
3863	238134
3864	207796
3865	207799
3866	176439
3867	822867
3868	440816
3869	683486
3870	423094
3871	528145
3872	822852
3873	502523
3874	440586
3875	543535
3876	713903
3877	502275
3878	907640
3879	528357
3880	329110
3881	225155
3882	643512
3883	255499
3884	696443
3885	329113
3886	344409
3887	519914
3888	329127
3889	643466
3890	485228
3891	114742
3892	379117
3893	628036
3894	960657
3895	735949
3896	329141
3897	666070
3898	960654
3899	753171
3900	822917
3901	735961
3902	612372
3903	379131
3904	423026
3905	379128
3906	267972
3907	683363
3908	502346
3909	558629
3910	344335
3911	788324
3912	379027
3913	267990
3914	960745
3915	485149
3916	543608
3917	225218
3918	302931
3919	528315
3920	440658
3921	458130
3922	176521
3923	628022
3924	422935
3925	163023
3926	193904
3927	528271
3928	872594
3929	145462
3930	823006
3931	857155
3932	943496
3933	627993
3934	163046
3935	766739
3936	363639
3937	363642
3938	485170
3939	737819
3940	273084
3941	862212
3942	218023
3943	862208
3944	273066
3945	359789
3946	650637
3947	737793
3948	986655
3949	598262
3950	466836
3951	773052
3952	273040
3953	955560
3954	819172
3955	801595
3956	411716
3957	218010
3958	924979
3959	442830
3960	182550
3961	955578
3962	676187
3963	482099
3964	303986
3965	862277
3966	372854
3967	372840
3968	182650
3969	925011
3970	650693
3971	321449
3972	182652
3973	722565
3974	925021
3975	554824
3976	571912
3977	182604
3978	396503
3979	893421
3980	182607
3981	132109
3982	970796
3983	615548
3984	773104
3985	633148
3986	554852
3987	252506
3988	660899
3989	411658
3990	237154
3991	676246
3992	633304
3993	359920
3994	832004
3995	132334
3996	217903
3997	955393
3998	217906
3999	676230
4000	589326
4001	819030
4002	396331
4003	819032
4004	290538
4005	737935
4006	290518
4007	879712
4008	819047
4009	970981
4010	819050
4011	182671
4012	202701
4013	710712
4014	710694
4015	497289
4016	442703
4017	217874
4018	321348
4019	390210
4020	202711
4021	832057
4022	427392
4023	819069
4024	801735
4025	342391
4026	598032
4027	554961
4028	202665
4029	411830
4030	372967
4031	304111
4032	482213
4033	849562
4034	554945
4035	512545
4036	132287
4037	273003
4038	132227
4039	147521
4040	132231
4041	818977
4042	304088
4043	304070
4044	182747
4045	849594
4046	481889
4047	147900
4048	202362
4049	862488
4050	359531
4051	182330
4052	801301
4053	359522
4054	442602
4055	589712
4056	130343
4057	342205
4058	675869
4059	412030
4060	880068
4061	849730
4062	598490
4063	986931
4064	880127
4065	849791
4066	910454
4067	650408
4068	390592
4069	130328
4070	849781
4071	757369
4072	589747
4073	273311
4074	252687
4075	342162
4076	442587
4077	660723
4078	818918
4079	849693
4080	986961
4081	427112
4082	182384
4083	466664
4084	772800
4085	373114
4086	396791
4087	818826
4088	955847
4089	396796
4090	757265
4091	202271
4092	512900
4093	132378
4094	217816
4095	660654
4096	481800
4097	849713
4098	910390
4099	738175
4100	801384
4101	772856
4102	497488
4103	971045
4104	132354
4105	537279
4106	113038
4107	924830
4108	217651
4109	466475
4110	589579
4111	910547
4112	633034
4113	738180
4114	598346
4115	252856
4116	412131
4117	772620
4118	572359
4119	359670
4120	633049
4121	167022
4122	722778
4123	482037
4124	147755
4125	359674
4126	892983
4127	757481
4128	615844
4129	940145
4130	130448
4131	589607
4132	497563
4133	892960
4134	650299
4135	147723
4136	217613
4137	598281
4138	342118
4139	589638
4140	237369
4141	481980
4142	359601
4143	390449
4144	537116
4145	130542
4146	442430
4147	598289
4148	321084
4149	412080
4150	801482
4151	290694
4152	615918
4153	237331
4154	722721
4155	633006
4156	711019
4157	615905
4158	650339
4159	879935
4160	442399
4161	342102
4162	130511
4163	537140
4164	633010
4165	112900
4166	342937
4167	303388
4168	941030
4169	737336
4170	971366
4171	113348
4172	986157
4173	130575
4174	396959
4175	801059
4176	941036
4177	427778
4178	412235
4179	481613
4180	466316
4181	661473
4182	481614
4183	202070
4184	695908
4185	132694
4186	427791
4187	342918
4188	321022
4189	390905
4190	202095
4191	633683
4192	757086
4193	615963
4194	272563
4195	251961
4196	801049
4197	941012
4198	757065
4199	893854
4200	236794
4201	818644
4202	893841
4203	676614
4204	554250
4205	737281
4206	272607
4207	496726
4208	911144
4209	289820
4210	956143
4211	818619
4212	113303
4213	831738
4214	848955
4215	303435
4216	862846
4217	251998
4218	183128
4219	183131
4220	427853
4221	289792
4222	818609
4223	616040
4224	651243
4225	202007
4226	676701
4227	536977
4228	676702
4229	397048
4230	466431
4231	695825
4232	481596
4233	303476
4234	481568
4235	373352
4236	676682
4237	303469
4238	848915
4239	412204
4240	252022
4241	711217
4242	481758
4243	167746
4244	818531
4245	633842
4246	217358
4247	571628
4248	412362
4249	390726
4250	772385
4251	443215
4252	427905
4253	588837
4254	940914
4255	147992
4256	757224
4257	757207
4258	711191
4259	466231
4260	772383
4261	373436
4262	130744
4263	633803
4264	911314
4265	320866
4266	737411
4267	373412
4268	571586
4269	801178
4270	320872
4271	427940
4272	148030
4273	651135
4274	588927
4275	496861
4276	303576
4277	148044
4278	236552
4279	757180
4280	676857
4281	360325
4282	236562
4283	831606
4284	373449
4285	571558
4286	711251
4287	113193
4288	412347
4289	911234
4290	737496
4291	360380
4292	831561
4293	651089
4294	428018
4295	711256
4296	428015
4297	737475
4298	252145
4299	390694
4300	360357
4301	955996
4302	955995
4303	757125
4304	661260
4305	955988
4306	633734
4307	252159
4308	373482
4309	536803
4310	512461
4311	237013
4312	849264
4313	443091
4314	342680
4315	481360
4316	303125
4317	772272
4318	910948
4319	831904
4320	599037
4321	986389
4322	391147
4323	737550
4324	956307
4325	536770
4326	481377
4327	831899
4328	130874
4329	217271
4330	818386
4331	737538
4332	237038
4333	722351
4334	722350
4335	940721
4336	466117
4337	772335
4338	589285
4339	512390
4340	201747
4341	443022
4342	986488
4343	252244
4344	756773
4345	696126
4346	589296
4347	800876
4348	342744
4349	512414
4350	800859
4351	849181
4352	910874
4353	359974
4354	800849
4355	661124
4356	236981
4357	571663
4358	616276
4359	182894
4360	737627
4361	148460
4362	148459
4363	481337
4364	201760
4365	650972
4366	427646
4367	971529
4368	391088
4369	391089
4370	633577
4371	390981
4372	201937
4373	598905
4374	849377
4375	831788
4376	481490
4377	303256
4378	201973
4379	342563
4380	756932
4381	722241
4382	133111
4383	772099
4384	800925
4385	360174
4386	986508
4387	272691
4388	303283
4389	893450
4390	756956
4391	290300
4392	536661
4393	633559
4394	303289
4395	217174
4396	481421
4397	571811
4398	616422
4399	397127
4400	512260
4401	650849
4402	113427
4403	236831
4404	412572
4405	442910
4406	131023
4407	589182
4408	863201
4409	290199
4410	940587
4411	373726
4412	650864
4413	397167
4414	342630
4415	133042
4416	849301
4417	272740
4418	201913
4419	676557
4420	880389
4421	971660
4422	554200
4423	971658
4424	536604
4425	956230
4426	849294
4427	538526
4428	802631
4429	588509
4430	166323
4431	738884
4432	894419
4433	774081
4434	599171
4435	614470
4436	465891
4437	677196
4438	941461
4439	305001
4440	538498
4441	659891
4442	802661
4443	183624
4444	614512
4445	909609
4446	738936
4447	802679
4448	774117
4449	572969
4450	289294
4451	358665
4452	774125
4453	614499
4454	236189
4455	496195
4456	496192
4457	148701
4458	923915
4459	465842
4460	971846
4461	863244
4462	634199
4463	538581
4464	634195
4465	148661
4466	131191
4467	863252
4468	863251
4469	863248
4470	738826
4471	634176
4472	553733
4473	833180
4474	894363
4475	573051
4476	129037
4477	802600
4478	588469
4479	573047
4480	878836
4481	129055
4482	395403
4483	219029
4484	412744
4485	553773
4486	443850
4487	833211
4488	634213
4489	496129
4490	659944
4491	343419
4492	274044
4493	253678
4494	863432
4495	129255
4496	817926
4497	305141
4498	358839
4499	553946
4500	909703
4501	614621
4502	483238
4503	201659
4504	985808
4505	253685
4506	113720
4507	218997
4508	443689
4509	289440
4510	236080
4511	412846
4512	358808
4513	971940
4514	924133
4515	395357
4516	113681
4517	954484
4518	573103
4519	236052
4520	599084
4521	412917
4522	218921
4523	677273
4524	971969
4525	289535
4526	273971
4527	412927
4528	131327
4529	358891
4530	289505
4531	941406
4532	183728
4533	148531
4534	373919
4535	465683
4536	131273
4537	201665
4538	113751
4539	236121
4540	573157
4541	553894
4542	711723
4543	389191
4544	183702
4545	614575
4546	954431
4547	538478
4548	538479
4549	573164
4550	513612
4551	712130
4552	274403
4553	972061
4554	848656
4555	659594
4556	218878
4557	443555
4558	649409
4559	496509
4560	513980
4561	412990
4562	863560
4563	833486
4564	694556
4565	659613
4566	374085
4567	954866
4568	879035
4569	923762
4570	676971
4571	985972
4572	513948
4573	395742
4574	395743
4575	923745
4576	923746
4577	114051
4578	633906
4579	443628
4580	879061
4581	343206
4582	538319
4583	395691
4584	114170
4585	833432
4586	443620
4587	894111
4588	374058
4589	649347
4590	588679
4591	773772
4592	465593
4593	972109
4594	443647
4595	274353
4596	817862
4597	114150
4598	599505
4599	712090
4600	894132
4601	773792
4602	465551
4603	304644
4604	573292
4605	894131
4606	496386
4607	659689
4608	676904
4609	909433
4610	236485
4611	482911
4612	599544
4613	712126
4614	538352
4615	879084
4616	148873
4617	553527
4618	289631
4619	389418
4620	358569
4621	773710
4622	113968
4623	972180
4624	599302
4625	236344
4626	739267
4627	954688
4628	426227
4629	614872
4630	183520
4631	165924
4632	413118
4633	304881
4634	129488
4635	129489
4636	304843
4637	712032
4638	201364
4639	165911
4640	496584
4641	113950
4642	389402
4643	694707
4644	236294
4645	538176
4646	320097
4647	599371
4648	863629
4649	588561
4650	694749
4651	201453
4652	413169
4653	954638
4654	413181
4655	183462
4656	538204
4657	985998
4658	114005
4659	131545
4660	289728
4661	426124
4662	677030
4663	513868
4664	443466
4665	553649
4666	183437
4667	833321
4668	496532
4669	588599
4670	694776
4671	183432
4672	972264
4673	986028
4674	878945
4675	756017
4676	847911
4677	149197
4678	817577
4679	802153
4680	288799
4681	985211
4682	200978
4683	288774
4684	200984
4685	184158
4686	972337
4687	395970
4688	634656
4689	131620
4690	389812
4691	773586
4692	615004
4693	712403
4694	304501
4695	985165
4696	114341
4697	941956
4698	465392
4699	129632
4700	389818
4701	553303
4702	201015
4703	129657
4704	599691
4705	847894
4706	114362
4707	572418
4708	650176
4709	985172
4710	218501
4711	495646
4712	359253
4713	319965
4714	553270
4715	863786
4716	847982
4717	149134
4718	694910
4719	201035
4720	495631
4721	985150
4722	288835
4723	413248
4724	599779
4725	465287
4726	894905
4727	879357
4728	166881
4729	131684
4730	985099
4731	863748
4732	924418
4733	802063
4734	319994
4735	773530
4736	863757
4737	773508
4738	817621
4739	426793
4740	572485
4741	660431
4742	773515
4743	343981
4744	738553
4745	832618
4746	817448
4747	677885
4748	910251
4749	879144
4750	513049
4751	319764
4752	553442
4753	413317
4754	599591
4755	802297
4756	924656
4757	848063
4758	599598
4759	650091
4760	129752
4761	288952
4762	253163
4763	677854
4764	131744
4765	253158
4766	712271
4767	359342
4768	273514
4769	712269
4770	650062
4771	817427
4772	273508
4773	273509
4774	848021
4775	201161
4776	894767
4777	131789
4778	721007
4779	444229
4780	288970
4781	389698
4782	985277
4783	129692
4784	972543
4785	343864
4786	129705
4787	954895
4788	253091
4789	924560
4790	235646
4791	426919
4792	660301
4793	395815
4794	129720
4795	465198
4796	465193
4797	848179
4798	955391
4799	738659
4800	129887
4801	129881
4802	343755
4803	166552
4804	149467
4805	343766
4806	129870
4807	129864
4808	129866
4809	738677
4810	660156
4811	465107
4812	358936
4813	390043
4814	343781
4815	941722
4816	166590
4817	972560
4818	738639
4819	801859
4820	721299
4821	343792
4822	972555
4823	755737
4824	832948
4825	273799
4826	131927
4827	129822
4828	304129
4829	695148
4830	495875
4831	848248
4832	721398
4833	374544
4834	358999
4835	817377
4836	114626
4837	572786
4838	572785
4839	615176
4840	465068
4841	817364
4842	304166
4843	183862
4844	985365
4845	396194
4846	426529
4847	253244
4848	319726
4849	832920
4850	941782
4851	537793
4852	200826
4853	801797
4854	183843
4855	941775
4856	131941
4857	588176
4858	832907
4859	864255
4860	910008
4861	319502
4862	374730
4863	588140
4864	738788
4865	909997
4866	396118
4867	464983
4868	649851
4869	721162
4870	712521
4871	634498
4872	253436
4873	443948
4874	132022
4875	634508
4876	817168
4877	359072
4878	426730
4879	879372
4880	273785
4881	941571
4882	374779
4883	972674
4884	832836
4885	773205
4886	304375
4887	184034
4888	738735
4889	677548
4890	572911
4891	634600
4892	218129
4893	235859
4894	374680
4895	864171
4896	721279
4897	695288
4898	235855
4899	910060
4900	513360
4901	773172
4902	660087
4903	599932
4904	941651
4905	879455
4906	879443
4907	817237
4908	319590
4909	941656
4910	129980
4911	304290
4912	513399
4913	114529
4914	985472
4915	615317
4916	879438
4917	985485
4918	553115
4919	537690
4920	129965
4921	984731
4922	662854
4923	617612
4924	957468
4925	270884
4926	499360
4927	128181
4928	923030
4929	912863
4930	923025
4931	912836
4932	770835
4933	923023
4934	851659
4935	288451
4936	755683
4937	149527
4938	204753
4939	392258
4940	340225
4941	877680
4942	724581
4943	180636
4944	499330
4945	204764
4946	340234
4947	556965
4948	235075
4949	480219
4950	770870
4951	693500
4952	539504
4953	110658
4954	740030
4955	374937
4956	877586
4957	429545
4958	895315
4959	938258
4960	394341
4961	499424
4962	724489
4963	134305
4964	851590
4965	357812
4966	392249
4967	409778
4968	429552
4969	375037
4970	128230
4971	860400
4972	374978
4973	816950
4974	250580
4975	444682
4976	134295
4977	204696
4978	306121
4979	235035
4980	110614
4981	662829
4982	340303
4983	392209
4984	134272
4985	740080
4986	204674
4987	235022
4988	662841
4989	306143
4990	306139
4991	480096
4992	394406
4993	323567
4994	724687
4995	374821
4996	539592
4997	429367
4998	648606
4999	617501
5000	271028
5001	587423
5002	235229
5003	539630
5004	134218
5005	938479
5006	799523
5007	631163
5008	499231
5009	938474
5010	770996
5011	617530
5012	556870
5013	600197
5014	938391
5015	631049
5016	149746
5017	957657
5018	128098
5019	556887
5020	374909
5021	499314
5022	600213
5023	464894
5024	556892
5025	755476
5026	799552
5027	480057
5028	357640
5029	771046
5030	394441
5031	648686
5032	617582
5033	357657
5034	739964
5035	220108
5036	288280
5037	693296
5038	587519
5039	149696
5040	204551
5041	288276
5042	860262
5043	755504
5044	922764
5045	894981
5046	877888
5047	799365
5048	724823
5049	235369
5050	912585
5051	648207
5052	271142
5053	250807
5054	957716
5055	375211
5056	392555
5057	250752
5058	724848
5059	339988
5060	444506
5061	235334
5062	648251
5063	235336
5064	204491
5065	464401
5066	235338
5067	912623
5068	499604
5069	429203
5070	938083
5071	464392
5072	204496
5073	740263
5074	164945
5075	922811
5076	922806
5077	816765
5078	134617
5079	556711
5080	630936
5081	556760
5082	922829
5083	479930
5084	937986
5085	340088
5086	693658
5087	392504
5088	799436
5089	860622
5090	600330
5091	305894
5092	724739
5093	357545
5094	444448
5095	708939
5096	219771
5097	630916
5098	630968
5099	662576
5100	799460
5101	444447
5102	877863
5103	305860
5104	957822
5105	877878
5106	648302
5107	957820
5108	180442
5109	938033
5110	128465
5111	600353
5112	375245
5113	323320
5114	693598
5115	630867
5116	219821
5117	973135
5118	755280
5119	724950
5120	693587
5121	288628
5122	851806
5123	799260
5124	219824
5125	464553
5126	957853
5127	922653
5128	392669
5129	724989
5130	912508
5131	409925
5132	600550
5133	677935
5134	444610
5135	648352
5136	693608
5137	409922
5138	515014
5139	271246
5140	180248
5141	617774
5142	709031
5143	799287
5144	134482
5145	514999
5146	235438
5147	464630
5148	895177
5149	630800
5150	570129
5151	851722
5152	587731
5153	305780
5154	570142
5155	630813
5156	429153
5157	128369
5158	662671
5159	740169
5160	409899
5161	834514
5162	770753
5163	464618
5164	357403
5165	219854
5166	770814
5167	617846
5168	429142
5169	323225
5170	128328
5171	724917
5172	693552
5173	164992
5174	973102
5175	556644
5176	816830
5177	617825
5178	499528
5179	219859
5180	740193
5181	973116
5182	514127
5183	724071
5184	618157
5185	234588
5186	569597
5187	128648
5188	165700
5189	618173
5190	445276
5191	429982
5192	973551
5193	923564
5194	358359
5195	913386
5196	770309
5197	219443
5198	410351
5199	860820
5200	973533
5201	755148
5202	913372
5203	923530
5204	479736
5205	134887
5206	913351
5207	739486
5208	878159
5209	957959
5210	618132
5211	445300
5212	958077
5213	851121
5214	498890
5215	234512
5216	973503
5217	663333
5218	128731
5219	498883
5220	586851
5221	693931
5222	498884
5223	479643
5224	234497
5225	631741
5226	895842
5227	250053
5228	631737
5229	128766
5230	755074
5231	375526
5232	723981
5233	128751
5234	287925
5235	394874
5236	851076
5237	204201
5238	895816
5239	340857
5240	150123
5241	649123
5242	755052
5243	999671
5244	739368
5245	631654
5246	150166
5247	693862
5248	204115
5249	649139
5250	618034
5251	128518
5252	514259
5253	498704
5254	816613
5255	464280
5256	895908
5257	923409
5258	111345
5259	165880
5260	755016
5261	678669
5262	693824
5263	913235
5264	999642
5265	999640
5266	111359
5267	429872
5268	860686
5269	340927
5270	219560
5271	464318
5272	569439
5273	479614
5274	663511
5275	724138
5276	739436
5277	923505
5278	394944
5279	860788
5280	128604
5281	249936
5282	150221
5283	816552
5284	498774
5285	270559
5286	464341
5287	410128
5288	754995
5289	663478
5290	445336
5291	709361
5292	999571
5293	586945
5294	479525
5295	569349
5296	923474
5297	678727
5298	973338
5299	586957
5300	724120
5301	600725
5302	429940
5303	569364
5304	165800
5305	539031
5306	569372
5307	631578
5308	556220
5309	984492
5310	340510
5311	724345
5312	270602
5313	663151
5314	538719
5315	958216
5316	739734
5317	135137
5318	305335
5319	375735
5320	250272
5321	234860
5322	861067
5323	180908
5324	410612
5325	923290
5326	219189
5327	429741
5328	219197
5329	288236
5330	150333
5331	694223
5332	219195
5333	358127
5334	429734
5335	958319
5336	913060
5337	958314
5338	538685
5339	538673
5340	587122
5341	538677
5342	754879
5343	739811
5344	305346
5345	538665
5346	663079
5347	135057
5348	165407
5349	219227
5350	923377
5351	165400
5352	203933
5353	999688
5354	754835
5355	429819
5356	250347
5357	322616
5358	499185
5359	587095
5360	770141
5361	999707
5362	754816
5363	923354
5364	538636
5365	270698
5366	250361
5367	739786
5368	305388
5369	895657
5370	395154
5371	556087
5372	234955
5373	912994
5374	569721
5375	322767
5376	694122
5377	631394
5378	569700
5379	305165
5380	816377
5381	678447
5382	587181
5383	270727
5384	429577
5385	709536
5386	393159
5387	694116
5388	798734
5389	340658
5390	798723
5391	305196
5392	754767
5393	648839
5394	709519
5395	393184
5396	288098
5397	498986
5398	375588
5399	219314
5400	203787
5401	393119
5402	322713
5403	234893
5404	878507
5405	878506
5406	357914
5407	464091
5408	445080
5409	234886
5410	538784
5411	375630
5412	724396
5413	754722
5414	340675
5415	618347
5416	111513
5417	663203
5418	445105
5419	569620
5420	410431
5421	479288
5422	479291
5423	739666
5424	165537
5425	429691
5426	556098
5427	514465
5428	798815
5429	648898
5430	999831
5431	150516
5432	464106
5433	754694
5434	678466
5435	234933
5436	911769
5437	709704
5438	463712
5439	498402
5440	956507
5441	709703
5442	376056
5443	661787
5444	911748
5445	127184
5446	911795
5447	307143
5448	322306
5449	463691
5450	679418
5451	815916
5452	341339
5453	410769
5454	181709
5455	876590
5456	679421
5457	203658
5458	754613
5459	391191
5460	835171
5461	616583
5462	709644
5463	835101
5464	876632
5465	679301
5466	410856
5467	307128
5468	234090
5469	150574
5470	679320
5471	555925
5472	632273
5473	150560
5474	428474
5475	220955
5476	861369
5477	922033
5478	692455
5479	974078
5480	741029
5481	307079
5482	800693
5483	922022
5484	220937
5485	983715
5486	723581
5487	555958
5488	861353
5489	481239
5490	498331
5491	974060
5492	220930
5493	647485
5494	661876
5495	815975
5496	771892
5497	356819
5498	692226
5499	251511
5500	740932
5501	772038
5502	307042
5503	287266
5504	570886
5505	692234
5506	251516
5507	234175
5508	445863
5509	251512
5510	772042
5511	203559
5512	251494
5513	816007
5514	896455
5515	181611
5516	983621
5517	463859
5518	164241
5519	481035
5520	307021
5521	540581
5522	150750
5523	540577
5524	555898
5525	709885
5526	800616
5527	127036
5528	876754
5529	555788
5530	601290
5531	445930
5532	164336
5533	555791
5534	287338
5535	740872
5536	515813
5537	939472
5538	391403
5539	111853
5540	221088
5541	221095
5542	463807
5543	111848
5544	973894
5545	601300
5546	921863
5547	234220
5548	498186
5549	375813
5550	772000
5551	203604
5552	939515
5553	850553
5554	911741
5555	921909
5556	939509
5557	973942
5558	391369
5559	876773
5560	740913
5561	983594
5562	341394
5563	356702
5564	911722
5565	463764
5566	601329
5567	632178
5568	540660
5569	150664
5570	251886
5571	234284
5572	322111
5573	679132
5574	111909
5575	974219
5576	150880
5577	616925
5578	631937
5579	181499
5580	939024
5581	480928
5582	631942
5583	939028
5584	127477
5585	341092
5586	515883
5587	411024
5588	463447
5589	391454
5590	631997
5591	376277
5592	800480
5593	876839
5594	540219
5595	498625
5596	272198
5597	234262
5598	876854
5599	163860
5600	203497
5601	376255
5602	571345
5603	815694
5604	754399
5605	911559
5606	661586
5607	876867
5608	376241
5609	127411
5610	815708
5611	896023
5612	498603
5613	356580
5614	571340
5615	376221
5616	723839
5617	220687
5618	647218
5619	133569
5620	203482
5621	800441
5622	956725
5623	220696
5624	480966
5625	956722
5626	463369
5627	861618
5628	203302
5629	112041
5630	516029
5631	647385
5632	356405
5633	956879
5634	616799
5635	815758
5636	322234
5637	516012
5638	181366
5639	896217
5640	616773
5641	306793
5642	203323
5643	540348
5644	850726
5645	133376
5646	815780
5647	480795
5648	515995
5649	393680
5650	661665
5651	133392
5652	586732
5653	112027
5654	571174
5655	956918
5656	498499
5657	376116
5658	322295
5659	516082
5660	516083
5661	287609
5662	555540
5663	939200
5664	616716
5665	540361
5666	956824
5667	251702
5668	850774
5669	133488
5670	983825
5671	445669
5672	463520
5673	956823
5674	647296
5675	921646
5676	896162
5677	911468
5678	306714
5679	741177
5680	815850
5681	754298
5682	463510
5683	306719
5684	974176
5685	586665
5686	835504
5687	322241
5688	356421
5689	516045
5690	555566
5691	661730
5692	356430
5693	376077
5694	601570
5695	678955
5696	662318
5697	112151
5698	877112
5699	662309
5700	722979
5701	648042
5702	341824
5703	203156
5704	662307
5705	570545
5706	321816
5707	251080
5708	376539
5709	220494
5710	151113
5711	815395
5712	740594
5713	662322
5714	164610
5715	570558
5716	233531
5717	480678
5718	662278
5719	233523
5720	497901
5721	306662
5722	601622
5723	203178
5724	220520
5725	429044
5726	233517
5727	446258
5728	391736
5729	877064
5730	182249
5731	515126
5732	740566
5733	429050
5734	648024
5735	722966
5736	570596
5737	540004
5738	974578
5739	251035
5740	341785
5741	585783
5742	647988
5743	912354
5744	203204
5745	446298
5746	922542
5747	754161
5748	983210
5749	723022
5750	376489
5751	393761
5752	306603
5753	164735
5754	220475
5755	127670
5756	754117
5757	357344
5758	203251
5759	133877
5760	393775
5761	710170
5762	233582
5763	974529
5764	834567
5765	740500
5766	393789
5767	515210
5768	617065
5769	233620
5770	182099
5771	341954
5772	233621
5773	391820
5774	861822
5775	723116
5776	271571
5777	800096
5778	849955
5779	692787
5780	815524
5781	540082
5782	127559
5783	250952
5784	393939
5785	411180
5786	341988
5787	127614
5788	679746
5789	861776
5790	877201
5791	723083
5792	922450
5793	321964
5794	446398
5795	463355
5796	662423
5797	710354
5798	617047
5799	555347
5800	834761
5801	912143
5802	341891
5803	271491
5804	127517
5805	815614
5806	446400
5807	957107
5808	555298
5809	357197
5810	391888
5811	411231
5812	446429
5813	771505
5814	974432
5815	679738
5816	723197
5817	428819
5818	723192
5819	182030
5820	723140
5821	411244
5822	393900
5823	463265
5824	723145
5825	357228
5826	391918
5827	723158
5828	740373
5829	540127
5830	341945
5831	271546
5832	662494
5833	428853
5834	850351
5835	539705
5836	850339
5837	428767
5838	151367
5839	679666
5840	134045
5841	357004
5842	287114
5843	411521
5844	462916
5845	555239
5846	394051
5847	922364
5848	693150
5849	862158
5850	539669
5851	287155
5852	662036
5853	957258
5854	939529
5855	862146
5856	570755
5857	202941
5858	632448
5859	498154
5860	740802
5861	570764
5862	617418
5863	539765
5864	912104
5865	617393
5866	601968
5867	753913
5868	710461
5869	862115
5870	446047
5871	912100
5872	480472
5873	411614
5874	799906
5875	376713
5876	632544
5877	710441
5878	220187
5879	957237
5880	287172
5881	515405
5882	181905
5883	896565
5884	376709
5885	134100
5886	862132
5887	233832
5888	392060
5889	376759
5890	586008
5891	834845
5892	834844
5893	203007
5894	679567
5895	462880
5896	151357
5897	555146
5898	394205
5899	133893
5900	693043
5901	911916
5902	586226
5903	835051
5904	220361
5905	233867
5906	306247
5907	877488
5908	957432
5909	480258
5910	251227
5911	647910
5912	480257
5913	753709
5914	428608
5915	662164
5916	647901
5917	815237
5918	498044
5919	498035
5920	911882
5921	570646
5922	911893
5923	480299
5924	974617
5925	740681
5926	321704
5927	617281
5928	957394
5929	647866
5930	287062
5931	497950
5932	394141
5933	799779
5934	799788
5935	151432
5936	693113
5937	392154
5938	411478
5939	251147
5940	617258
5941	376579
5942	321729
5943	679462
5944	586150
5945	127760
5946	181790
5947	164572
5948	376590
5949	911936
5950	834950
5951	983306
5952	815306
5953	133996
5954	877519
5955	392189
5956	693056
5957	134003
5958	710528
5959	112635
5960	861970
5961	515559
5962	617218
5963	411489
5964	723403
5965	376620
5966	602598
5967	368911
5968	637031
5969	446658
5970	761443
5971	186386
5972	171218
5973	828331
5974	691581
5975	585655
5976	213644
5977	277407
5978	845667
5979	233411
5980	171263
5981	845661
5982	477804
5983	706972
5984	186414
5985	966982
5986	568148
5987	386555
5988	213677
5989	171236
5990	951693
5991	462520
5992	493369
5993	400832
5994	828415
5995	619873
5996	866665
5997	248654
5998	213704
5999	400855
6000	951791
6001	477741
6002	213748
6003	671809
6004	966939
6005	776896
6006	866647
6007	671908
6008	776737
6009	462345
6010	171093
6011	654382
6012	742311
6013	431239
6014	493443
6015	706859
6016	446558
6017	920749
6018	400664
6019	776756
6020	533117
6021	462365
6022	797358
6023	602481
6024	386406
6025	619919
6026	386415
6027	814682
6028	462372
6029	654337
6030	619933
6031	585499
6032	776728
6033	136682
6034	126371
6035	797327
6036	691672
6037	550548
6038	897136
6039	776805
6040	233232
6041	797426
6042	233244
6043	355466
6044	386312
6045	294799
6046	386321
6047	897122
6048	637116
6049	671991
6050	671993
6051	967075
6052	171023
6053	477841
6054	935962
6055	619977
6056	654409
6057	307942
6058	845718
6059	814611
6060	416162
6061	935958
6062	967061
6063	416166
6064	550593
6065	602374
6066	914563
6067	814597
6068	742359
6069	967051
6070	400764
6071	671963
6072	431347
6073	198312
6074	355517
6075	338045
6076	935941
6077	294840
6078	248809
6079	550705
6080	550710
6081	431379
6082	914789
6083	136261
6084	136260
6085	325589
6086	966763
6087	828071
6088	920884
6089	125973
6090	368651
6091	897463
6092	726756
6093	726758
6094	386240
6095	761700
6096	726751
6097	637277
6098	920847
6099	550661
6100	431402
6101	883921
6102	672123
6103	462801
6104	415774
6105	726706
6106	966704
6107	990837
6108	233116
6109	446851
6110	691245
6111	186718
6112	151763
6113	355584
6114	355586
6115	355589
6116	108703
6117	368709
6118	845321
6119	883852
6120	602260
6121	866380
6122	462832
6123	508605
6124	186722
6125	415802
6126	883844
6127	308078
6128	920913
6129	761609
6130	214009
6131	431467
6132	415784
6133	866387
6134	198451
6135	368788
6136	355805
6137	866477
6138	415957
6139	914925
6140	308097
6141	308103
6142	126103
6143	761832
6144	883782
6145	845511
6146	233065
6147	936260
6148	136436
6149	654604
6150	415983
6151	637383
6152	550789
6153	355728
6154	355732
6155	533302
6156	567989
6157	400464
6158	777063
6159	294535
6160	691361
6161	921081
6162	232981
6163	508425
6164	951423
6165	277067
6166	386098
6167	706647
6168	585307
6169	431614
6170	325439
6171	619730
6172	277113
6173	883726
6174	186861
6175	338273
6176	966815
6177	936222
6178	108606
6179	462689
6180	691341
6181	171325
6182	692041
6183	867100
6184	355950
6185	355936
6186	845142
6187	197745
6188	137064
6189	657112
6190	827784
6191	276923
6192	657116
6193	655003
6194	152481
6195	657104
6196	884729
6197	387023
6198	416587
6199	186902
6200	692071
6201	637551
6202	416590
6203	401295
6204	884714
6205	707518
6206	369424
6207	707506
6208	814311
6209	137026
6210	355927
6211	741680
6212	603132
6213	324777
6214	431713
6215	921171
6216	827868
6217	655041
6218	921156
6219	508340
6220	936585
6221	186974
6222	915005
6223	967479
6224	637479
6225	672360
6226	990583
6227	921213
6228	186962
6229	307269
6230	294171
6231	867179
6232	914987
6233	355863
6234	492891
6235	307281
6236	637497
6237	602954
6238	356067
6239	532553
6240	584970
6241	109427
6242	171641
6243	307368
6244	187068
6245	232805
6246	126892
6247	324732
6248	814157
6249	550037
6250	814196
6251	637678
6252	657005
6253	967670
6254	827704
6255	109399
6256	867260
6257	212997
6258	952108
6259	324697
6260	447061
6261	884588
6262	776258
6263	967580
6264	637583
6265	990685
6266	294310
6267	137137
6268	990673
6269	276843
6270	760971
6271	567681
6272	741834
6273	550081
6274	585026
6275	637571
6276	585028
6277	990679
6278	338550
6279	338551
6280	741844
6281	109353
6282	921289
6283	707420
6284	967558
6285	637586
6286	921280
6287	952191
6288	707430
6289	741856
6290	602922
6291	550126
6292	446981
6293	477312
6294	416647
6295	637600
6296	508165
6297	213058
6298	796897
6299	726320
6300	431837
6301	461918
6302	276822
6303	656947
6304	796908
6305	477333
6306	814127
6307	602835
6308	897928
6309	844878
6310	584852
6311	672542
6312	213414
6313	307508
6314	431934
6315	897925
6316	866843
6317	936923
6318	584841
6319	866859
6320	462224
6321	293979
6322	620088
6323	386768
6324	171972
6325	386774
6326	232671
6327	508102
6328	152222
6329	655269
6330	187154
6331	338819
6332	136789
6333	967175
6334	369276
6335	866894
6336	293947
6337	797002
6338	109218
6339	726172
6340	707285
6341	897991
6342	232611
6343	325046
6344	655301
6345	416295
6346	776650
6347	637699
6348	602752
6349	915220
6350	293920
6351	171957
6352	369249
6353	338914
6354	401130
6355	232631
6356	776647
6357	532915
6358	915246
6359	967201
6360	401106
6361	171914
6362	356117
6363	797031
6364	990317
6365	567357
6366	776693
6367	431963
6368	197912
6369	866941
6370	416261
6371	447360
6372	532906
6373	508043
6374	508041
6375	324995
6376	462285
6377	447370
6378	294128
6379	884296
6380	247983
6381	584722
6382	462131
6383	776453
6384	797079
6385	369316
6386	400943
6387	477672
6388	602691
6389	726095
6390	477671
6391	416482
6392	827421
6393	921493
6394	691919
6395	620164
6396	637939
6397	967394
6398	550324
6399	797111
6400	187283
6401	866995
6402	550314
6403	672677
6404	814449
6405	655139
6406	602723
6407	707115
6408	584737
6409	691949
6410	620198
6411	726034
6412	584795
6413	187362
6414	657169
6415	294068
6416	567453
6417	401015
6418	276605
6419	602640
6420	248047
6421	507944
6422	655182
6423	171826
6424	532737
6425	776522
6426	672712
6427	400993
6428	507940
6429	620227
6430	707145
6431	921583
6432	567486
6433	432086
6434	867050
6435	814387
6436	477580
6437	432074
6438	884275
6439	967354
6440	135442
6441	109978
6442	603566
6443	653549
6444	919679
6445	690475
6446	339150
6447	913469
6448	950773
6449	461504
6450	549500
6451	492376
6452	232323
6453	170121
6454	898284
6455	293657
6456	232330
6457	492370
6458	308824
6459	690434
6460	110014
6461	324258
6462	447648
6463	725901
6464	919635
6465	637954
6466	232381
6467	153080
6468	653510
6469	653508
6470	883102
6471	637976
6472	653534
6473	492408
6474	461556
6475	844559
6476	690459
6477	777946
6478	913421
6479	293696
6480	584616
6481	867646
6482	913534
6483	214680
6484	603618
6485	249631
6486	760436
6487	603639
6488	447701
6489	898222
6490	509906
6491	447697
6492	798254
6493	725953
6494	385508
6495	430122
6496	898206
6497	919572
6498	135549
6499	844637
6500	385515
6501	777874
6502	913477
6503	324338
6504	743191
6505	829323
6506	549605
6507	417157
6508	829304
6509	385281
6510	690595
6511	109849
6512	707936
6513	882993
6514	135560
6515	549623
6516	760510
6517	214604
6518	339039
6519	990179
6520	509715
6521	339026
6522	399705
6523	690609
6524	214596
6525	187590
6526	447517
6527	867813
6528	990164
6529	170046
6530	509742
6531	308966
6532	461423
6533	743366
6534	152939
6535	249838
6536	170024
6537	913547
6538	760476
6539	461427
6540	990147
6541	936964
6542	672977
6543	549596
6544	913541
6545	399620
6546	125332
6547	913660
6548	324163
6549	672935
6550	898095
6551	569333
6552	354516
6553	883037
6554	399648
6555	249782
6556	430260
6557	447606
6558	584467
6559	278333
6560	829191
6561	760627
6562	492120
6563	509590
6564	461783
6565	653809
6566	478992
6567	309083
6568	967736
6569	655779
6570	568879
6571	447884
6572	913716
6573	867395
6574	844294
6575	534431
6576	249447
6577	197411
6578	125036
6579	509627
6580	584407
6581	197417
6582	109734
6583	385214
6584	534412
6585	534413
6586	369763
6587	760576
6588	324526
6589	170426
6590	492129
6591	707765
6592	603389
6593	324560
6594	814048
6595	416860
6596	170444
6597	950437
6598	829097
6599	509654
6600	232140
6601	170453
6602	707750
6603	950462
6604	278151
6605	867377
6606	170462
6607	584356
6608	278159
6609	814077
6610	399548
6611	882884
6612	324592
6613	309046
6614	829060
6615	798471
6616	844362
6617	385276
6618	798477
6619	798476
6620	913748
6621	135284
6622	492064
6623	618500
6624	430372
6625	170249
6626	690361
6627	534327
6628	135305
6629	829038
6630	293529
6631	844459
6632	725556
6633	447768
6634	152642
6635	655667
6636	913827
6637	187842
6638	125129
6639	655670
6640	882727
6641	293514
6642	603172
6643	549868
6644	479113
6645	603182
6646	655641
6647	989892
6648	509488
6649	385074
6650	798662
6651	898374
6652	707659
6653	509476
6654	170299
6655	798680
6656	170300
6657	920025
6658	309216
6659	354783
6660	707642
6661	354773
6662	569080
6663	882787
6664	725609
6665	638439
6666	778025
6667	232029
6668	898361
6669	584239
6670	937337
6671	214829
6672	919939
6673	170342
6674	913863
6675	584220
6676	339247
6677	707595
6678	584199
6679	447842
6680	867481
6681	967900
6682	197616
6683	385120
6684	231859
6685	448172
6686	568584
6687	920154
6688	277990
6689	868177
6690	844056
6691	339692
6692	813215
6693	249215
6694	430690
6695	656022
6696	491896
6697	725396
6698	759828
6699	323766
6700	448186
6701	968454
6702	913931
6703	153578
6704	448177
6705	509367
6706	725404
6707	188008
6708	898761
6709	584171
6710	708581
6711	196630
6712	742758
6713	777452
6714	339659
6715	187993
6716	619390
6717	400348
6718	898789
6719	110474
6720	478226
6721	430679
6722	308312
6723	249162
6724	231821
6725	797714
6726	170740
6727	584075
6728	844115
6729	323821
6730	619270
6731	604121
6732	568665
6733	196704
6734	509431
6735	725468
6736	277949
6737	386040
6738	354941
6739	913998
6740	920069
6741	548909
6742	354883
6743	548911
6744	619305
6745	638570
6746	656100
6747	509387
6748	759913
6749	249113
6750	742708
6751	828846
6752	914026
6753	478290
6754	656125
6755	196682
6756	619316
6757	430613
6758	492006
6759	673478
6760	568717
6761	170547
6762	797898
6763	214124
6764	231725
6765	509243
6766	170534
6767	603929
6768	920309
6769	691119
6770	125911
6771	968628
6772	448022
6773	673533
6774	385823
6775	385819
6776	249281
6777	277842
6778	708468
6779	153414
6780	797925
6781	188089
6782	196860
6783	153404
6784	323685
6785	214070
6786	549005
6787	370623
6788	653845
6789	430777
6790	509311
6791	603996
6792	136164
6793	898609
6794	883568
6795	638699
6796	293319
6797	188055
6798	196818
6799	673464
6800	883567
6801	188044
6802	844264
6803	293333
6804	914145
6805	742836
6806	308371
6807	277776
6808	430748
6809	619103
6810	292913
6811	448444
6812	798021
6813	989263
6814	725147
6815	950982
6816	324026
6817	583888
6818	308606
6819	568342
6820	231598
6821	491638
6822	583883
6823	798034
6824	400111
6825	355107
6826	568334
6827	292903
6828	355094
6829	292881
6830	583934
6831	461268
6832	509077
6833	292864
6834	478474
6835	603816
6836	355073
6837	385666
6838	135711
6839	370253
6840	638756
6841	135709
6842	690729
6843	638810
6844	214437
6845	568411
6846	430909
6847	478580
6848	583829
6849	742428
6850	153262
6851	883404
6852	248886
6853	430888
6854	638796
6855	370214
6856	828573
6857	430886
6858	292968
6859	603844
6860	920343
6861	400039
6862	843878
6863	937953
6864	231629
6865	308511
6866	231627
6867	196938
6868	798006
6869	400015
6870	568467
6871	725016
6872	828495
6873	448307
6874	843907
6875	293045
6876	568479
6877	708173
6878	197048
6879	110128
6880	197052
6881	323874
6882	883220
6883	813334
6884	355232
6885	508946
6886	110085
6887	461138
6888	478612
6889	214350
6890	549375
6891	813351
6892	937768
6893	989425
6894	249050
6895	654181
6896	188376
6897	549348
6898	188378
6899	197011
6900	214354
6901	690855
6902	742628
6903	843959
6904	110177
6905	533843
6906	197094
6907	188320
6908	798087
6909	583706
6910	920461
6911	777489
6912	603740
6913	197088
6914	293100
6915	170874
6916	323950
6917	385640
6918	478690
6919	868012
6920	883311
6921	370332
6922	448344
6923	844004
6924	135875
6925	370327
6926	656235
6927	188312
6928	619171
6929	760294
6930	417481
6931	248979
6932	535161
6933	566264
6934	918696
6935	335888
6936	847845
6937	953640
6938	635125
6939	309914
6940	433302
6941	728952
6942	744382
6943	535145
6944	918717
6945	673956
6946	812658
6947	658536
6948	728912
6949	953615
6950	309939
6951	169069
6952	583441
6953	510832
6954	371133
6955	106851
6956	552599
6957	106878
6958	124349
6959	184502
6960	535119
6961	169073
6962	899089
6963	138750
6964	510823
6965	460379
6966	899180
6967	759482
6968	215638
6969	812597
6970	812598
6971	433353
6972	744430
6973	398657
6974	371150
6975	583516
6976	918729
6977	448573
6978	881924
6979	124397
6980	969093
6981	652362
6982	292772
6983	106814
6984	353444
6985	335980
6986	847768
6987	275304
6988	231369
6989	634992
6990	934113
6991	353371
6992	448735
6993	169159
6994	552506
6995	200262
6996	673841
6997	744245
6998	535264
6999	566113
7000	759405
7001	414017
7002	448706
7003	309772
7004	138576
7005	154001
7006	729063
7007	106970
7008	812747
7009	124198
7010	774810
7011	882122
7012	689494
7013	138596
7014	414075
7015	673811
7016	215737
7017	495393
7018	169214
7019	830364
7020	510949
7021	621836
7022	658628
7023	336039
7024	448751
7025	830359
7026	336095
7027	275412
7028	899300
7029	327314
7030	433219
7031	309837
7032	184409
7033	336076
7034	552559
7035	138518
7036	658587
7037	566037
7038	774875
7039	566035
7040	154093
7041	292663
7042	336114
7043	275442
7044	634885
7045	847643
7046	658564
7047	535403
7048	881778
7049	184722
7050	704557
7051	388174
7052	460548
7053	652576
7054	829987
7055	583227
7056	658801
7057	124039
7058	535411
7059	621710
7060	460578
7061	728653
7062	448894
7063	231011
7064	881731
7065	795525
7066	744088
7067	728669
7068	327428
7069	988924
7070	830069
7071	310214
7072	968893
7073	621805
7074	106524
7075	433601
7076	275022
7077	398402
7078	899451
7079	830079
7080	968885
7081	988912
7082	552928
7083	934190
7084	830061
7085	775036
7086	864491
7087	881709
7088	953444
7089	795625
7090	759736
7091	184818
7092	759686
7093	759682
7094	774978
7095	621763
7096	106547
7097	169273
7098	448806
7099	812826
7100	398439
7101	674255
7102	621789
7103	495350
7104	215916
7105	510519
7106	275065
7107	689309
7108	124135
7109	535522
7110	795451
7111	495108
7112	899512
7113	988728
7114	310023
7115	652713
7116	988709
7117	899499
7118	388312
7119	215936
7120	327633
7121	495131
7122	899491
7123	353646
7124	460704
7125	652672
7126	604352
7127	621583
7128	106749
7129	728772
7130	138355
7131	934362
7132	200554
7133	138348
7134	336317
7135	336314
7136	336312
7137	759636
7138	413818
7139	475909
7140	881841
7141	336321
7142	413705
7143	864370
7144	123970
7145	968739
7146	275165
7147	934305
7148	775163
7149	495187
7150	275160
7151	704766
7152	231046
7153	216007
7154	370797
7155	812952
7156	535439
7157	370788
7158	604303
7159	231082
7160	899520
7161	565790
7162	565791
7163	433529
7164	988748
7165	759568
7166	475962
7167	310130
7168	448958
7169	690128
7170	743825
7171	605021
7172	326769
7173	388981
7174	495027
7175	399156
7176	326778
7177	934490
7178	433833
7179	829712
7180	917205
7181	154420
7182	274720
7183	124860
7184	510309
7185	582918
7186	690124
7187	399143
7188	199931
7189	917216
7190	847334
7191	215047
7192	774193
7193	635644
7194	847328
7195	371609
7196	552119
7197	919202
7198	475348
7199	388955
7200	107332
7201	388958
7202	475340
7203	829749
7204	292289
7205	246160
7206	534635
7207	847345
7208	969724
7209	705322
7210	336393
7211	169509
7212	917127
7213	812032
7214	139171
7215	246247
7216	246250
7217	934406
7218	246251
7219	829773
7220	371705
7221	865226
7222	622542
7223	309476
7224	459884
7225	705344
7226	635531
7227	794837
7228	565635
7229	309485
7230	969616
7231	154489
7232	988630
7233	812064
7234	847267
7235	954211
7236	705401
7237	674532
7238	475278
7239	565679
7240	353934
7241	847295
7242	812236
7243	199790
7244	743711
7245	326904
7246	635479
7247	882638
7248	865027
7249	371499
7250	230910
7251	988437
7252	449250
7253	674312
7254	230907
7255	758858
7256	107515
7257	954266
7258	794668
7259	743740
7260	969569
7261	199754
7262	917100
7263	705459
7264	551992
7265	583099
7266	459930
7267	917092
7268	794656
7269	199745
7270	652962
7271	534759
7272	605158
7273	969595
7274	124699
7275	899767
7276	552016
7277	565524
7278	124769
7279	605085
7280	882564
7281	919118
7282	829892
7283	622425
7284	534659
7285	847133
7286	510372
7287	552010
7288	399340
7289	246135
7290	184946
7291	494957
7292	635444
7293	552049
7294	605106
7295	309340
7296	812192
7297	812196
7298	199684
7299	215259
7300	659117
7301	215256
7302	534691
7303	389002
7304	433728
7305	622447
7306	274883
7307	829460
7308	534857
7309	743555
7310	398885
7311	292075
7312	245924
7313	138979
7314	354292
7315	510068
7316	398897
7317	622248
7318	138963
7319	309636
7320	743598
7321	124566
7322	899900
7323	743595
7324	795047
7325	659313
7326	398866
7327	414417
7328	759293
7329	653108
7330	919511
7331	812314
7332	774477
7333	494820
7334	230460
7335	354216
7336	934674
7337	659220
7338	759186
7339	604691
7340	460151
7341	622319
7342	953976
7343	635819
7344	653161
7345	107031
7346	475522
7347	124626
7348	865019
7349	552421
7350	215360
7351	919531
7352	124616
7353	882221
7354	154190
7355	138892
7356	509972
7357	812510
7358	327149
7359	274600
7360	635718
7361	414313
7362	582798
7363	494636
7364	169960
7365	759135
7366	475504
7367	969284
7368	899983
7369	953992
7370	274611
7371	138842
7372	622112
7373	154265
7374	354122
7375	728296
7376	354126
7377	327108
7378	230614
7379	622126
7380	291934
7381	622129
7382	864803
7383	433947
7384	728304
7385	124532
7386	653253
7387	934807
7388	674632
7389	475428
7390	846868
7391	230582
7392	309604
7393	399083
7394	399094
7395	552277
7396	354104
7397	399091
7398	169896
7399	917258
7400	510136
7401	494714
7402	388784
7403	759063
7404	934838
7405	919415
7406	414212
7407	969265
7408	882363
7409	185174
7410	659388
7411	988263
7412	449437
7413	582904
7414	434013
7415	653308
7416	274640
7417	659378
7418	449435
7419	510109
7420	388753
7421	758461
7422	900201
7423	387355
7424	651379
7425	326171
7426	705917
7427	230151
7428	511774
7429	970153
7430	900197
7431	846755
7432	476825
7433	582503
7434	494534
7435	727853
7436	336968
7437	846780
7438	387341
7439	605478
7440	511757
7441	651370
7442	705880
7443	551638
7444	846734
7445	651350
7446	846730
7447	657426
7448	567199
7449	775764
7450	216673
7451	352437
7452	551643
7453	831296
7454	123373
7455	934924
7456	651331
7457	311023
7458	651328
7459	372206
7460	636039
7461	900189
7462	107834
7463	880919
7464	915604
7465	657532
7466	605558
7467	636148
7468	775739
7469	675006
7470	476866
7471	387400
7472	674987
7473	775713
7474	831280
7475	651307
7476	811638
7477	988033
7478	745368
7479	846793
7480	688607
7481	216621
7482	880969
7483	811591
7484	674961
7485	970197
7486	123318
7487	230267
7488	387435
7489	567242
7490	915666
7491	745349
7492	846807
7493	137473
7494	291603
7495	276447
7496	123202
7497	582643
7498	865646
7499	620916
7500	758331
7501	688416
7502	952830
7503	551527
7504	970039
7505	476732
7506	917579
7507	831430
7508	137509
7509	310899
7510	291646
7511	811661
7512	605588
7513	917574
7514	137516
7515	567059
7516	705986
7517	831452
7518	758285
7519	247672
7520	536193
7521	582584
7522	449754
7523	551485
7524	674866
7525	900269
7526	494356
7527	674875
7528	291650
7529	917567
7530	337027
7531	657633
7532	247574
7533	352321
7534	881136
7535	216729
7536	987953
7537	168154
7538	476740
7539	185369
7540	494392
7541	155042
7542	970053
7543	567122
7544	199282
7545	137586
7546	230391
7547	758341
7548	199291
7549	137370
7550	566944
7551	705645
7552	123094
7553	657696
7554	566952
7555	987896
7556	199568
7557	168215
7558	107521
7559	477078
7560	397398
7561	459611
7562	137400
7563	727565
7564	199613
7565	636292
7566	582210
7567	776011
7568	969877
7569	969880
7570	846483
7571	326432
7572	776002
7573	229939
7574	969858
7575	449854
7576	758763
7577	705577
7578	154651
7579	880762
7580	414913
7581	900404
7582	397322
7583	831030
7584	168268
7585	185743
7586	511574
7587	199629
7588	880742
7589	582203
7590	185728
7591	185730
7592	494242
7593	705549
7594	494245
7595	745103
7596	137460
7597	745113
7598	536402
7599	865418
7600	727635
7601	551834
7602	987785
7603	865410
7604	291572
7605	311108
7606	397513
7607	352517
7608	291331
7609	494155
7610	705767
7611	449920
7612	311119
7613	432453
7614	865405
7615	657836
7616	536509
7617	688187
7618	291352
7619	865391
7620	727686
7621	915733
7622	675145
7623	705737
7624	987733
7625	230073
7626	337390
7627	122997
7628	352556
7629	199456
7630	326576
7631	952515
7632	688152
7633	371834
7634	952511
7635	326595
7636	185616
7637	987710
7638	511682
7639	107735
7640	449991
7641	812024
7642	582335
7643	326615
7644	727799
7645	311062
7646	796459
7647	880878
7648	880879
7649	605430
7650	605388
7651	337323
7652	311085
7653	494139
7654	620569
7655	776092
7656	326652
7657	757913
7658	123874
7659	935427
7660	605969
7661	727313
7662	918221
7663	757910
7664	744919
7665	775243
7666	155518
7667	108342
7668	551104
7669	476323
7670	689033
7671	138164
7672	775232
7673	458861
7674	476335
7675	916141
7676	953188
7677	476304
7678	675582
7679	621555
7680	846255
7681	450065
7682	970671
7683	566712
7684	229637
7685	775273
7686	310475
7687	198810
7688	795900
7689	247260
7690	415619
7691	566698
7692	186070
7693	216147
7694	138216
7695	621458
7696	744854
7697	155428
7698	706313
7699	275756
7700	123830
7701	606023
7702	900637
7703	123828
7704	811092
7705	247220
7706	636622
7707	450158
7708	198898
7709	450131
7710	247181
7711	372637
7712	493971
7713	325721
7714	415704
7715	185987
7716	675507
7717	651834
7718	275735
7719	185991
7720	744882
7721	689129
7722	535649
7723	310411
7724	830779
7725	795824
7726	881524
7727	138198
7728	651822
7729	881540
7730	953293
7731	432765
7732	388020
7733	337654
7734	866115
7735	550999
7736	935553
7737	566539
7738	727426
7739	325795
7740	970527
7741	744772
7742	566540
7743	846102
7744	216313
7745	727434
7746	900827
7747	458980
7748	866149
7749	185924
7750	652024
7751	458973
7752	811175
7753	432725
7754	372549
7755	987517
7756	866175
7757	352781
7758	138009
7759	372534
7760	706457
7761	658138
7762	123686
7763	795666
7764	247091
7765	881623
7766	372523
7767	830873
7768	511456
7769	458915
7770	398245
7771	606200
7772	291159
7773	727539
7774	706487
7775	566650
7776	651953
7777	935651
7778	415561
7779	846198
7780	229844
7781	582059
7782	108510
7783	353198
7784	310763
7785	916377
7786	811292
7787	337770
7788	199101
7789	881177
7790	775517
7791	865995
7792	796096
7793	621278
7794	275569
7795	952908
7796	652122
7797	337777
7798	566434
7799	510984
7800	387585
7801	970426
7802	310747
7803	246985
7804	916392
7805	866020
7806	493787
7807	246979
7808	775543
7809	775540
7810	581759
7811	433056
7812	811352
7813	551311
7814	199155
7815	706054
7816	535883
7817	916438
7818	621197
7819	881225
7820	168808
7821	916427
7822	881231
7823	511097
7824	372362
7825	918448
7826	727145
7827	566508
7828	796086
7829	168785
7830	675745
7831	865975
7832	566506
7833	916469
7834	581675
7835	310659
7836	952865
7837	605808
7838	186248
7839	758269
7840	493715
7841	511056
7842	108220
7843	636683
7844	566275
7845	186239
7846	758027
7847	865881
7848	551238
7849	108205
7850	387764
7851	758043
7852	246890
7853	337912
7854	415247
7855	137750
7856	198932
7857	168863
7858	387725
7859	916282
7860	636706
7861	775673
7862	688698
7863	199028
7864	155314
7865	199026
7866	775554
7867	775564
7868	168957
7869	581760
7870	337843
7871	275636
7872	199011
7873	758099
7874	310586
7875	658396
7876	935877
7877	459185
7878	123430
7879	536040
7880	830653
7881	675624
7882	476486
7883	536059
7884	811501
7885	310559
7886	918311
7887	775610
7888	459154